enrollment_id|student_id|course_id|term|score|attendance_pct
1|121|19|2025 Spring|50.02|81.46
2|8|19|2025 Spring|55.28|77.10
3|226|7|2025 Spring|56.32|81.31
4|242|18|2025 Spring|74.45|84.39
5|75|3|2025 Spring|100.00|92.57
6|66|5|2025 Spring|69.54|78.98
7|159|19|2025 Spring|74.43|80.07
8|36|9|2025 Spring|65.59|91.42
9|111|19|2025 Spring|67.15|94.92
10|159|11|2025 Spring|60.60|99.58
11|40|15|2025 Spring|77.52|93.87
12|117|5|2025 Spring|69.11|67.89
13|157|10|2025 Spring|76.75|89.07
14|155|7|2025 Spring|83.96|91.51
15|243|16|2025 Spring|100.00|97.31
16|253|7|2025 Spring|69.12|83.85
17|191|5|2025 Spring|88.30|84.55
18|211|7|2025 Spring|47.38|77.90
19|285|3|2025 Spring|84.09|89.36
20|286|5|2025 Spring|78.15|49.94
21|59|19|2025 Spring|75.75|86.92
22|86|8|2025 Spring|77.81|77.98
23|187|13|2025 Spring|68.89|87.60
24|74|8|2025 Spring|78.79|83.58
25|230|4|2025 Spring|77.97|82.03
26|110|11|2025 Spring|63.16|75.75
27|269|19|2025 Spring|81.06|99.19
28|20|4|2025 Spring|69.85|73.27
29|64|7|2025 Spring|70.55|96.41
30|266|17|2025 Spring|80.53|75.05
31|293|22|2025 Spring|92.03|75.79
32|170|24|2025 Spring|66.84|85.36
33|46|14|2025 Spring|84.50|57.32
34|124|12|2025 Spring|67.91|67.60
35|23|2|2025 Spring|81.96|73.97
36|52|17|2025 Spring|97.48|74.71
37|7|13|2025 Spring|80.21|77.71
38|118|2|2025 Spring|81.91|95.46
39|40|8|2025 Spring|84.28|82.93
40|277|4|2025 Spring|71.49|83.14
41|95|9|2025 Spring|72.32|78.81
42|147|19|2025 Spring|69.85|75.47
43|287|12|2025 Spring|45.03|77.17
44|146|4|2025 Spring|83.71|84.75
45|89|16|2025 Spring|67.10|100.00
46|248|24|2025 Spring|65.53|67.03
47|100|5|2025 Spring|71.74|75.51
48|204|1|2025 Spring|62.11|80.46
49|159|5|2025 Spring|58.87|92.58
50|297|17|2025 Spring|78.94|82.88
51|130|5|2025 Spring|85.85|100.00
52|283|10|2025 Spring|79.56|88.71
53|30|23|2025 Spring|70.48|54.01
54|228|13|2025 Spring|66.80|88.76
55|274|17|2025 Spring|88.62|70.96
56|248|16|2025 Spring|79.47|77.33
57|178|21|2025 Spring|66.82|93.88
58|46|15|2025 Spring|82.14|95.37
59|49|15|2025 Spring|82.09|74.74
60|57|19|2025 Spring|75.21|85.80
61|285|23|2025 Spring|53.08|100.00
62|193|4|2025 Spring|74.19|71.62
63|268|18|2025 Spring|89.68|98.63
64|148|9|2025 Spring|66.82|79.97
65|218|12|2025 Spring|99.04|87.85
66|233|11|2025 Spring|61.97|94.49
67|148|13|2025 Spring|78.17|47.19
68|43|14|2025 Spring|71.63|82.75
69|112|6|2025 Spring|36.56|87.45
70|66|2|2025 Spring|73.71|98.93
71|109|10|2025 Spring|40.59|80.82
72|214|2|2025 Spring|78.91|79.31
73|143|20|2025 Spring|87.80|99.72
74|292|7|2025 Spring|100.00|68.07
75|53|12|2025 Spring|78.21|75.11
76|123|19|2025 Spring|75.04|76.27
77|73|3|2025 Spring|87.70|79.75
78|136|22|2025 Spring|93.39|90.34
79|290|10|2025 Spring|67.49|85.88
80|34|4|2025 Spring|48.95|80.33
81|210|14|2025 Spring|53.25|92.57
82|59|10|2025 Spring|76.41|91.39
83|37|8|2025 Spring|73.06|98.52
84|83|23|2025 Spring|79.26|100.00
85|222|13|2025 Spring|62.52|99.16
86|126|13|2025 Spring|70.04|97.44
87|152|18|2025 Spring|75.70|78.91
88|68|5|2025 Spring|84.16|93.53
89|285|18|2025 Spring|74.02|64.09
90|195|21|2025 Spring|54.06|65.09
91|49|18|2025 Spring|55.63|77.47
92|9|23|2025 Spring|73.05|84.74
93|228|22|2025 Spring|99.77|99.80
94|111|20|2025 Spring|35.00|75.02
95|63|22|2025 Spring|97.34|71.20
96|20|15|2025 Spring|71.10|84.84
97|132|1|2025 Spring|70.97|79.73
98|8|1|2025 Spring|70.00|89.05
99|80|22|2025 Spring|92.47|96.48
100|231|10|2025 Spring|38.50|76.92
101|215|3|2025 Spring|49.20|76.16
102|64|16|2025 Spring|91.04|99.24
103|247|16|2025 Spring|75.26|100.00
104|75|21|2025 Spring|82.21|91.80
105|12|21|2025 Spring|68.42|89.01
106|124|22|2025 Spring|57.00|94.99
107|96|8|2025 Spring|82.56|90.24
108|21|21|2025 Spring|74.28|82.58
109|31|9|2025 Spring|60.48|66.19
110|141|13|2025 Spring|75.86|70.40
111|288|18|2025 Spring|73.00|79.01
112|198|14|2025 Spring|81.88|99.96
113|76|20|2025 Spring|87.10|83.59
114|166|12|2025 Spring|54.94|71.61
115|268|1|2025 Spring|87.26|95.43
116|17|3|2025 Spring|55.49|87.63
117|1|21|2025 Spring|97.94|77.04
118|104|2|2025 Spring|79.37|83.88
119|108|19|2025 Spring|64.74|84.23
120|133|21|2025 Spring|100.00|100.00
121|300|3|2025 Spring|56.44|88.38
122|6|17|2025 Spring|68.18|99.67
123|283|9|2025 Spring|76.26|92.96
124|186|5|2025 Spring|68.22|90.45
125|44|21|2025 Spring|76.60|82.42
126|160|3|2025 Spring|84.57|76.74
127|92|15|2025 Spring|64.45|88.71
128|123|3|2025 Spring|89.40|72.13
129|166|8|2025 Spring|50.20|87.62
130|180|2|2025 Spring|88.79|100.00
131|297|3|2025 Spring|67.34|82.46
132|64|13|2025 Spring|89.20|70.29
133|19|22|2025 Spring|61.86|80.94
134|213|21|2025 Spring|52.69|77.81
135|209|16|2025 Spring|61.83|85.22
136|45|22|2025 Spring|93.67|76.82
137|34|17|2025 Spring|66.61|70.89
138|231|18|2025 Spring|79.17|92.94
139|206|23|2025 Spring|89.01|78.96
140|290|1|2025 Spring|81.32|81.91
141|167|17|2025 Spring|64.72|82.20
142|127|5|2025 Spring|48.35|81.77
143|21|5|2025 Spring|67.10|63.97
144|285|21|2025 Spring|89.14|79.80
145|6|2|2025 Spring|59.73|89.89
146|215|4|2025 Spring|59.82|100.00
147|169|17|2025 Spring|78.26|82.53
148|259|16|2025 Spring|50.67|89.83
149|78|2|2025 Spring|91.32|93.88
150|109|19|2025 Spring|77.94|56.95
151|124|15|2025 Spring|100.00|89.21
152|105|9|2025 Spring|62.66|100.00
153|9|15|2025 Spring|47.73|70.29
154|30|2|2025 Spring|78.16|71.84
155|117|10|2025 Spring|93.51|84.42
156|45|2|2025 Spring|90.98|71.89
157|269|7|2025 Spring|66.93|79.86
158|125|23|2025 Spring|77.68|53.34
159|65|15|2025 Spring|58.16|92.55
160|288|4|2025 Spring|72.31|93.65
161|118|1|2025 Spring|83.41|98.89
162|15|1|2025 Spring|70.39|100.00
163|130|2|2025 Spring|76.35|83.33
164|42|6|2025 Spring|61.58|79.36
165|296|13|2025 Spring|41.17|98.67
166|274|7|2025 Spring|63.12|100.00
167|201|11|2025 Spring|71.15|71.17
168|39|20|2025 Spring|66.55|86.91
169|256|12|2025 Spring|66.04|100.00
170|52|11|2025 Spring|100.00|99.72
171|140|3|2025 Spring|92.85|100.00
172|146|3|2025 Spring|61.82|91.91
173|31|14|2025 Spring|92.93|74.32
174|221|4|2025 Spring|84.01|76.54
175|178|19|2025 Spring|74.31|57.66
176|212|23|2025 Spring|90.29|100.00
177|276|10|2025 Spring|63.03|90.44
178|3|13|2025 Spring|72.58|63.73
179|229|12|2025 Spring|73.06|82.23
180|141|17|2025 Spring|85.90|98.85
181|184|3|2025 Spring|90.31|65.43
182|32|6|2025 Spring|74.68|80.15
183|202|1|2025 Spring|64.12|81.69
184|10|21|2025 Spring|48.91|100.00
185|114|24|2025 Spring|75.70|100.00
186|201|9|2025 Spring|63.64|71.43
187|247|16|2025 Spring|75.10|85.93
188|56|15|2025 Spring|72.52|87.71
189|192|3|2025 Spring|50.51|82.00
190|249|20|2025 Spring|65.60|91.34
191|286|11|2025 Spring|61.68|85.68
192|111|22|2025 Spring|100.00|66.93
193|96|24|2025 Spring|64.08|76.54
194|16|8|2025 Spring|68.24|92.16
195|246|21|2025 Spring|60.31|76.12
196|60|5|2025 Spring|73.66|76.39
197|58|10|2025 Spring|69.48|94.39
198|82|20|2025 Spring|89.94|86.04
199|283|3|2025 Spring|71.84|66.62
200|167|13|2025 Spring|49.98|94.46
201|146|7|2025 Spring|58.50|94.28
202|124|24|2025 Spring|48.62|82.04
203|249|2|2025 Spring|67.16|61.76
204|157|11|2025 Spring|76.17|96.97
205|46|8|2025 Spring|69.15|67.89
206|162|2|2025 Spring|100.00|93.88
207|178|7|2025 Spring|76.33|100.00
208|130|6|2025 Spring|63.16|100.00
209|1|6|2025 Spring|50.50|72.46
210|101|1|2025 Spring|65.10|85.23
211|230|15|2025 Spring|72.31|80.86
212|300|24|2025 Spring|80.06|73.63
213|216|3|2025 Spring|83.30|100.00
214|17|9|2025 Spring|74.36|78.15
215|140|21|2025 Spring|72.34|87.89
216|190|1|2025 Spring|100.00|66.82
217|32|23|2025 Spring|86.50|91.62
218|95|17|2025 Spring|54.03|55.47
219|80|15|2025 Spring|81.30|68.27
220|280|17|2025 Spring|73.94|67.33
221|36|19|2025 Spring|91.18|62.19
222|138|4|2025 Spring|87.17|63.83
223|254|18|2025 Spring|87.72|83.25
224|234|17|2025 Spring|53.39|92.18
225|249|5|2025 Spring|76.86|89.34
226|265|7|2025 Spring|81.93|86.41
227|269|10|2025 Spring|62.90|84.20
228|82|20|2025 Spring|77.05|88.93
229|88|12|2025 Spring|75.31|77.48
230|72|8|2025 Spring|63.97|94.41
231|300|19|2025 Spring|100.00|69.48
232|236|18|2025 Spring|87.29|81.57
233|80|3|2025 Spring|90.37|80.42
234|164|19|2025 Spring|70.10|64.04
235|138|7|2025 Spring|100.00|94.65
236|38|7|2025 Spring|73.54|75.80
237|219|11|2025 Spring|96.32|72.30
238|276|11|2025 Spring|64.89|77.05
239|232|22|2025 Spring|99.78|98.72
240|117|22|2025 Spring|58.36|85.42
241|154|23|2025 Spring|72.16|77.18
242|182|6|2025 Spring|71.76|75.25
243|238|16|2025 Spring|84.34|80.28
244|52|24|2025 Spring|74.01|87.38
245|198|12|2025 Spring|68.84|66.69
246|34|24|2025 Spring|70.24|89.66
247|185|7|2025 Spring|67.31|100.00
248|92|24|2025 Spring|49.53|79.14
249|222|21|2025 Spring|49.54|86.95
250|193|20|2025 Spring|81.98|86.57
251|60|14|2025 Spring|87.06|79.20
252|90|6|2025 Spring|74.77|69.44
253|103|16|2025 Spring|62.84|76.28
254|289|4|2025 Spring|65.57|74.92
255|267|20|2025 Spring|75.08|79.70
256|82|24|2025 Spring|47.26|78.05
257|286|15|2025 Spring|67.34|97.37
258|264|5|2025 Spring|89.58|80.17
259|190|21|2025 Spring|76.79|89.56
260|202|12|2025 Spring|71.34|70.88
261|241|15|2025 Spring|57.96|89.62
262|256|21|2025 Spring|58.77|100.00
263|219|13|2025 Spring|75.59|82.56
264|246|11|2025 Spring|78.07|70.31
265|118|21|2025 Spring|89.44|60.10
266|87|4|2025 Spring|84.26|80.26
267|188|18|2025 Spring|61.23|76.28
268|184|9|2025 Spring|72.62|66.52
269|224|10|2025 Spring|83.60|79.86
270|8|12|2025 Spring|82.11|81.36
271|70|15|2025 Spring|85.90|100.00
272|278|18|2025 Spring|67.22|83.95
273|292|18|2025 Spring|70.15|87.68
274|202|24|2025 Spring|75.65|90.48
275|93|3|2025 Spring|58.94|81.80
276|150|6|2025 Spring|86.02|96.20
277|152|18|2025 Spring|71.87|69.28
278|264|20|2025 Spring|84.46|87.51
279|84|14|2025 Spring|42.16|97.76
280|234|10|2025 Spring|74.27|98.28
281|117|2|2025 Spring|90.56|100.00
282|132|12|2025 Spring|70.04|96.03
283|53|24|2025 Spring|84.48|89.04
284|169|20|2025 Spring|76.36|77.52
285|132|14|2025 Spring|79.54|89.35
286|217|21|2025 Spring|53.11|60.96
287|179|12|2025 Spring|70.46|65.03
288|166|12|2025 Spring|80.63|78.89
289|293|23|2025 Spring|85.54|73.08
290|259|11|2025 Spring|50.40|76.14
291|125|9|2025 Spring|91.02|87.80
292|194|10|2025 Spring|75.92|67.32
293|112|6|2025 Spring|79.47|100.00
294|133|2|2025 Spring|58.00|79.79
295|162|20|2025 Spring|78.41|80.90
296|203|24|2025 Spring|72.67|67.18
297|241|18|2025 Spring|84.31|85.16
298|59|22|2025 Spring|56.62|94.11
299|279|23|2025 Spring|75.31|74.91
300|155|20|2025 Spring|83.21|84.20
301|287|15|2025 Spring|60.81|74.40
302|90|17|2025 Spring|49.91|90.79
303|113|20|2025 Spring|80.73|81.02
304|160|1|2025 Spring|89.87|86.67
305|219|23|2025 Spring|61.24|85.02
306|56|16|2025 Spring|89.98|80.68
307|259|14|2025 Spring|70.59|73.70
308|124|14|2025 Spring|81.12|91.01
309|167|7|2025 Spring|85.44|88.44
310|100|12|2025 Spring|68.44|77.41
311|60|20|2025 Spring|64.77|79.14
312|124|7|2025 Spring|87.92|79.41
313|144|20|2025 Spring|65.35|92.83
314|127|23|2025 Spring|83.15|88.49
315|268|21|2025 Spring|81.08|99.77
316|137|3|2025 Spring|71.37|69.94
317|8|6|2025 Spring|71.32|85.48
318|186|23|2025 Spring|94.17|79.95
319|80|18|2025 Spring|61.37|88.26
320|142|14|2025 Spring|60.67|80.39
321|242|9|2025 Spring|64.92|69.86
322|115|24|2025 Spring|80.03|100.00
323|266|2|2025 Spring|85.18|81.17
324|275|7|2025 Spring|92.29|92.26
325|300|7|2025 Spring|87.47|86.08
326|179|23|2025 Spring|69.03|74.91
327|12|2|2025 Spring|90.94|87.79
328|174|15|2025 Spring|79.10|72.75
329|139|11|2025 Spring|73.82|85.90
330|74|2|2025 Spring|95.11|69.97
331|208|16|2025 Spring|70.21|100.00
332|132|7|2025 Spring|64.94|74.80
333|265|21|2025 Spring|84.93|45.01
334|189|21|2025 Spring|56.63|66.61
335|147|8|2025 Spring|50.37|71.41
336|131|11|2025 Spring|64.99|89.22
337|181|1|2025 Spring|49.69|100.00
338|197|20|2025 Spring|67.11|95.65
339|147|19|2025 Spring|69.57|80.87
340|194|17|2025 Spring|66.64|98.01
341|238|18|2025 Spring|76.64|70.78
342|28|5|2025 Spring|51.59|88.87
343|165|19|2025 Spring|70.17|88.18
344|15|7|2025 Spring|74.89|77.05
345|242|5|2025 Spring|63.19|74.08
346|113|15|2025 Spring|54.89|66.53
347|18|16|2025 Spring|80.89|78.78
348|38|16|2025 Spring|100.00|97.16
349|207|9|2025 Spring|74.13|97.04
350|6|15|2025 Spring|75.31|100.00
351|140|15|2025 Spring|91.25|97.76
352|22|17|2025 Spring|88.77|95.90
353|146|12|2025 Spring|80.84|90.54
354|1|5|2025 Spring|61.33|83.15
355|115|12|2025 Spring|65.99|81.12
356|30|7|2025 Spring|76.37|96.43
357|199|2|2025 Spring|97.58|80.59
358|142|6|2025 Spring|67.02|90.00
359|159|18|2025 Spring|54.98|83.23
360|214|18|2025 Spring|92.31|80.23
361|267|11|2025 Spring|62.99|83.18
362|247|10|2025 Spring|90.91|74.14
363|181|13|2025 Spring|73.96|91.27
364|106|12|2025 Spring|81.60|63.06
365|147|2|2025 Spring|83.40|93.64
366|262|13|2025 Spring|68.54|85.72
367|154|2|2025 Spring|63.67|69.49
368|116|11|2025 Spring|58.87|66.64
369|90|14|2025 Spring|67.21|65.75
370|63|16|2025 Spring|57.05|73.92
371|125|4|2025 Spring|46.26|81.27
372|41|10|2025 Spring|87.19|93.03
373|261|11|2025 Spring|95.59|85.84
374|115|17|2025 Spring|44.53|100.00
375|96|24|2025 Spring|54.22|80.56
376|168|8|2025 Spring|62.57|74.14
377|149|15|2025 Spring|72.49|80.34
378|288|19|2025 Spring|60.46|97.80
379|124|11|2025 Spring|53.90|84.40
380|210|17|2025 Spring|74.81|82.80
381|125|15|2025 Summer|70.47|84.70
382|233|4|2025 Summer|58.54|94.75
383|136|19|2025 Summer|73.14|98.93
384|248|16|2025 Summer|57.42|80.33
385|52|10|2025 Summer|91.36|74.40
386|254|15|2025 Summer|71.49|80.40
387|121|6|2025 Summer|71.31|82.70
388|123|12|2025 Summer|76.66|79.84
389|127|2|2025 Summer|58.86|100.00
390|49|2|2025 Summer|73.78|76.18
391|148|23|2025 Summer|61.01|79.30
392|67|12|2025 Summer|100.00|76.81
393|150|6|2025 Summer|68.14|71.04
394|171|17|2025 Summer|73.12|87.26
395|85|4|2025 Summer|70.07|100.00
396|59|8|2025 Summer|65.97|97.83
397|256|24|2025 Summer|76.00|100.00
398|170|7|2025 Summer|80.25|82.84
399|184|6|2025 Summer|80.52|91.06
400|91|15|2025 Summer|73.22|70.23
401|156|9|2025 Summer|62.70|77.01
402|13|15|2025 Summer|76.87|96.42
403|31|1|2025 Summer|78.04|77.13
404|292|23|2025 Summer|69.61|82.03
405|239|12|2025 Summer|70.64|72.10
406|243|13|2025 Summer|58.32|83.45
407|222|4|2025 Summer|67.56|80.23
408|100|10|2025 Summer|80.44|75.26
409|211|12|2025 Summer|66.06|88.85
410|77|20|2025 Summer|64.10|82.10
411|138|5|2025 Summer|58.61|85.40
412|256|16|2025 Summer|91.14|72.12
413|115|6|2025 Summer|74.30|91.42
414|265|24|2025 Summer|62.60|89.59
415|131|11|2025 Summer|71.75|87.45
416|45|1|2025 Summer|67.82|100.00
417|172|10|2025 Summer|100.00|79.37
418|187|11|2025 Summer|49.33|98.81
419|18|15|2025 Summer|73.49|78.50
420|92|16|2025 Summer|87.94|100.00
421|75|15|2025 Summer|66.51|100.00
422|139|15|2025 Summer|77.88|84.41
423|26|18|2025 Summer|68.77|75.32
424|138|8|2025 Summer|35.95|82.68
425|260|6|2025 Summer|61.78|82.60
426|268|19|2025 Summer|100.00|98.36
427|50|24|2025 Summer|100.00|62.14
428|127|17|2025 Summer|42.44|100.00
429|143|19|2025 Summer|66.05|75.37
430|145|6|2025 Summer|73.86|76.94
431|150|19|2025 Summer|48.77|100.00
432|103|3|2025 Summer|89.95|90.09
433|201|22|2025 Summer|84.79|99.22
434|48|10|2025 Summer|68.72|74.81
435|78|16|2025 Summer|85.13|97.91
436|95|15|2025 Summer|92.17|74.50
437|160|24|2025 Summer|98.41|85.12
438|35|10|2025 Summer|66.31|73.49
439|178|10|2025 Summer|92.40|97.68
440|252|1|2025 Summer|77.92|82.29
441|101|19|2025 Summer|76.37|98.78
442|44|10|2025 Summer|77.60|78.35
443|278|15|2025 Summer|64.93|84.98
444|195|2|2025 Summer|72.30|93.70
445|241|14|2025 Summer|50.68|91.91
446|213|2|2025 Summer|75.18|63.12
447|147|3|2025 Summer|79.10|80.25
448|286|11|2025 Summer|54.96|77.70
449|92|9|2025 Summer|87.78|85.34
450|140|20|2025 Summer|68.47|76.21
451|140|20|2025 Summer|42.39|82.78
452|142|10|2025 Summer|70.09|93.96
453|230|13|2025 Summer|81.83|84.53
454|245|22|2025 Summer|87.02|100.00
455|45|8|2025 Summer|56.61|77.89
456|89|20|2025 Summer|70.69|89.83
457|69|6|2025 Summer|80.16|90.49
458|58|19|2025 Summer|71.61|93.74
459|139|22|2025 Summer|71.16|90.72
460|259|3|2025 Summer|100.00|70.95
461|292|23|2025 Summer|100.00|89.56
462|66|1|2025 Summer|54.29|97.43
463|166|21|2025 Summer|68.51|73.36
464|128|5|2025 Summer|97.14|81.99
465|255|1|2025 Summer|79.92|76.92
466|291|11|2025 Summer|72.13|92.98
467|169|20|2025 Summer|75.51|85.26
468|172|3|2025 Summer|63.45|87.94
469|102|21|2025 Summer|53.88|90.23
470|250|2|2025 Summer|69.30|89.18
471|244|16|2025 Summer|57.96|92.69
472|254|10|2025 Summer|79.38|95.71
473|17|9|2025 Summer|64.80|100.00
474|164|11|2025 Summer|75.16|73.89
475|26|13|2025 Summer|100.00|85.94
476|298|21|2025 Summer|78.15|98.77
477|259|22|2025 Summer|67.61|79.42
478|152|7|2025 Summer|63.08|92.41
479|77|5|2025 Summer|60.23|90.65
480|118|3|2025 Summer|35.00|82.55
481|298|8|2025 Summer|75.07|79.76
482|200|14|2025 Summer|62.96|80.97
483|57|2|2025 Summer|65.80|80.16
484|277|13|2025 Summer|80.32|71.85
485|149|20|2025 Summer|75.59|88.37
486|68|23|2025 Summer|82.87|92.49
487|116|12|2025 Summer|67.69|84.81
488|130|16|2025 Summer|55.86|88.86
489|46|7|2025 Summer|98.77|88.19
490|170|5|2025 Summer|90.43|100.00
491|275|1|2025 Summer|94.56|65.28
492|188|9|2025 Summer|71.74|90.87
493|180|2|2025 Summer|69.46|74.81
494|187|24|2025 Summer|51.57|86.61
495|129|17|2025 Summer|52.13|89.83
496|177|3|2025 Summer|59.67|82.05
497|270|15|2025 Summer|75.73|94.33
498|97|14|2025 Summer|80.52|87.32
499|180|4|2025 Summer|77.57|76.94
500|238|9|2025 Summer|80.63|70.36
501|103|5|2025 Summer|82.39|78.65
502|51|9|2025 Summer|81.74|98.22
503|61|13|2025 Summer|78.92|76.75
504|254|24|2025 Summer|65.59|73.68
505|47|5|2025 Summer|65.29|100.00
506|288|3|2025 Summer|68.26|91.69
507|153|19|2025 Summer|90.12|90.39
508|160|21|2025 Summer|87.92|82.20
509|286|11|2025 Summer|64.19|79.83
510|283|13|2025 Summer|80.39|83.69
511|249|7|2025 Summer|71.59|83.34
512|133|6|2025 Summer|82.91|100.00
513|227|8|2025 Summer|80.91|98.34
514|57|21|2025 Summer|76.32|100.00
515|282|21|2025 Summer|78.08|68.06
516|254|4|2025 Summer|38.06|57.67
517|163|23|2025 Summer|87.54|77.09
518|150|9|2025 Summer|78.25|83.40
519|30|13|2025 Summer|70.20|99.38
520|217|10|2025 Summer|58.70|86.17
521|12|4|2025 Summer|77.11|72.64
522|176|18|2025 Summer|77.11|100.00
523|63|22|2025 Summer|56.84|57.98
524|239|10|2025 Summer|75.27|58.43
525|104|16|2025 Summer|97.29|97.81
526|107|9|2025 Summer|84.07|89.27
527|46|4|2025 Summer|76.72|87.72
528|8|15|2025 Summer|69.62|62.25
529|63|20|2025 Summer|35.00|67.77
530|46|12|2025 Summer|78.89|80.93
531|238|24|2025 Summer|62.44|82.00
532|44|19|2025 Summer|65.11|70.35
533|218|11|2025 Summer|77.89|64.05
534|179|3|2025 Summer|65.91|76.06
535|222|23|2025 Summer|36.87|86.83
536|170|18|2025 Summer|68.81|63.80
537|245|13|2025 Summer|79.00|93.81
538|288|22|2025 Summer|81.39|94.15
539|256|2|2025 Summer|96.85|83.25
540|237|14|2025 Summer|51.35|97.93
541|133|24|2025 Summer|88.40|83.06
542|142|1|2025 Summer|45.44|100.00
543|284|24|2025 Summer|48.73|66.97
544|179|10|2025 Summer|100.00|67.82
545|28|7|2025 Summer|77.79|100.00
546|160|24|2025 Summer|69.10|97.27
547|237|16|2025 Summer|74.95|100.00
548|156|24|2025 Summer|65.40|75.35
549|167|12|2025 Summer|66.98|81.32
550|14|9|2025 Summer|67.15|87.85
551|57|21|2025 Summer|58.43|81.54
552|295|23|2025 Summer|69.99|92.30
553|298|14|2025 Summer|53.77|94.39
554|21|16|2025 Summer|92.30|74.55
555|77|18|2025 Summer|74.73|79.39
556|125|11|2025 Summer|74.78|80.20
557|182|3|2025 Summer|72.31|81.33
558|198|4|2025 Summer|68.47|93.08
559|297|6|2025 Summer|93.33|67.15
560|182|5|2025 Summer|68.22|64.48
561|44|11|2025 Summer|78.15|91.96
562|276|23|2025 Summer|77.11|79.12
563|262|15|2025 Summer|93.02|91.06
564|241|2|2025 Summer|43.17|88.23
565|290|23|2025 Summer|64.70|74.83
566|255|1|2025 Summer|87.62|92.17
567|79|9|2025 Summer|83.66|91.38
568|149|24|2025 Summer|85.05|67.73
569|52|5|2025 Summer|86.62|83.00
570|241|10|2025 Summer|80.71|94.78
571|297|19|2025 Summer|81.19|100.00
572|169|24|2025 Summer|75.24|87.34
573|134|23|2025 Summer|66.10|98.01
574|53|14|2025 Summer|80.23|100.00
575|14|1|2025 Summer|83.55|83.54
576|153|5|2025 Summer|63.39|92.97
577|2|24|2025 Summer|67.88|81.24
578|21|12|2025 Summer|69.86|92.99
579|255|12|2025 Summer|77.09|88.54
580|267|6|2025 Summer|54.40|70.41
581|148|11|2025 Summer|68.38|82.95
582|76|15|2025 Summer|78.35|97.67
583|265|16|2025 Summer|77.21|77.74
584|14|12|2025 Summer|76.03|100.00
585|168|6|2025 Summer|77.64|78.31
586|48|4|2025 Summer|68.10|57.72
587|159|2|2025 Summer|94.80|86.91
588|253|8|2025 Summer|91.96|92.46
589|94|15|2025 Summer|67.37|71.58
590|156|15|2025 Summer|72.27|82.71
591|115|11|2025 Summer|72.54|88.67
592|190|4|2025 Summer|70.16|81.56
593|5|8|2025 Summer|70.82|83.80
594|62|9|2025 Summer|94.73|74.22
595|157|5|2025 Summer|69.01|72.39
596|68|12|2025 Summer|76.70|100.00
597|18|7|2025 Summer|58.69|91.02
598|287|23|2025 Summer|81.06|87.20
599|144|9|2025 Summer|65.68|79.52
600|34|4|2025 Summer|66.56|75.94
601|212|8|2025 Summer|100.00|68.37
602|70|8|2025 Summer|78.34|65.29
603|81|24|2025 Summer|81.72|99.23
604|245|5|2025 Summer|80.64|68.77
605|107|10|2025 Summer|100.00|100.00
606|294|5|2025 Summer|68.40|90.46
607|101|12|2025 Summer|55.98|74.10
608|42|18|2025 Summer|81.69|73.37
609|200|11|2025 Summer|53.33|100.00
610|71|5|2025 Summer|61.66|85.66
611|202|21|2025 Summer|64.12|67.31
612|9|5|2025 Summer|100.00|76.95
613|70|16|2025 Summer|82.61|86.80
614|204|8|2025 Summer|87.74|72.81
615|169|6|2025 Summer|76.62|92.55
616|277|4|2025 Summer|75.55|75.88
617|13|18|2025 Summer|75.99|75.48
618|288|3|2025 Summer|90.43|73.13
619|182|16|2025 Summer|75.31|85.86
620|160|2|2025 Summer|80.22|72.19
621|244|14|2025 Summer|71.38|92.16
622|287|4|2025 Summer|60.13|100.00
623|7|7|2025 Summer|66.05|73.34
624|190|21|2025 Summer|65.53|61.38
625|115|17|2025 Summer|70.91|90.72
626|12|22|2025 Summer|78.15|82.95
627|16|15|2025 Summer|100.00|94.64
628|249|18|2025 Summer|93.51|76.55
629|220|5|2025 Summer|87.20|87.25
630|165|19|2025 Summer|75.96|100.00
631|32|7|2025 Summer|74.87|75.63
632|31|16|2025 Summer|66.90|84.89
633|118|1|2025 Summer|81.26|75.13
634|261|10|2025 Summer|63.07|100.00
635|121|10|2025 Summer|60.71|72.65
636|43|19|2025 Summer|100.00|92.44
637|154|24|2025 Summer|72.14|57.24
638|92|21|2025 Summer|80.27|88.98
639|127|7|2025 Summer|65.62|87.96
640|46|19|2025 Summer|63.25|100.00
641|166|2|2025 Summer|66.09|92.39
642|285|11|2025 Summer|57.06|100.00
643|291|23|2025 Summer|57.10|100.00
644|31|2|2025 Summer|100.00|72.22
645|115|20|2025 Summer|83.02|89.28
646|111|14|2025 Summer|58.48|97.26
647|49|8|2025 Summer|68.99|74.06
648|33|7|2025 Summer|77.43|77.92
649|300|6|2025 Summer|79.38|79.81
650|292|20|2025 Summer|80.86|95.26
651|208|20|2025 Summer|80.94|100.00
652|135|24|2025 Summer|70.05|92.20
653|235|5|2025 Summer|93.37|79.62
654|202|12|2025 Summer|75.53|100.00
655|89|6|2025 Summer|69.33|93.75
656|49|4|2025 Summer|61.07|73.93
657|95|22|2025 Summer|86.82|75.51
658|277|7|2025 Summer|65.76|82.66
659|257|20|2025 Summer|72.67|90.42
660|201|22|2025 Summer|50.83|84.65
661|126|13|2025 Summer|70.66|83.14
662|57|16|2025 Summer|63.37|90.88
663|103|4|2025 Summer|85.75|100.00
664|57|8|2025 Summer|100.00|85.34
665|8|16|2025 Summer|54.69|83.26
666|121|16|2025 Summer|45.43|86.26
667|24|24|2025 Summer|83.48|93.64
668|287|23|2025 Summer|73.98|64.59
669|21|11|2025 Summer|87.39|88.00
670|276|10|2025 Summer|82.28|96.04
671|80|1|2025 Summer|92.72|73.47
672|165|3|2025 Summer|70.37|80.66
673|152|12|2025 Summer|69.32|100.00
674|139|1|2025 Summer|53.06|84.36
675|244|8|2025 Summer|86.40|77.10
676|20|17|2025 Summer|85.61|72.68
677|278|21|2025 Summer|75.54|96.96
678|86|19|2025 Summer|85.15|85.75
679|234|19|2025 Summer|82.99|100.00
680|59|8|2025 Summer|77.89|73.80
681|265|19|2025 Summer|60.98|100.00
682|68|10|2025 Summer|81.14|65.70
683|179|24|2025 Summer|78.72|80.69
684|95|23|2025 Summer|70.00|100.00
685|27|15|2025 Summer|75.16|95.50
686|25|13|2025 Summer|53.79|89.94
687|113|19|2025 Summer|64.72|68.41
688|78|10|2025 Summer|67.55|93.11
689|31|23|2025 Summer|68.62|96.91
690|292|19|2025 Summer|87.57|92.78
691|91|5|2025 Summer|83.14|100.00
692|243|7|2025 Summer|61.90|77.30
693|165|16|2025 Summer|90.55|92.49
694|105|17|2025 Summer|92.10|82.62
695|274|24|2025 Summer|93.32|89.49
696|170|12|2025 Summer|64.95|97.05
697|264|12|2025 Summer|76.19|66.86
698|89|1|2025 Summer|35.00|81.85
699|242|6|2025 Summer|75.00|70.22
700|164|22|2025 Summer|53.41|70.98
701|280|12|2025 Summer|88.08|100.00
702|63|3|2025 Summer|76.05|61.18
703|127|21|2025 Summer|84.15|77.11
704|150|24|2025 Summer|63.68|84.93
705|75|23|2025 Summer|64.77|100.00
706|106|21|2025 Summer|57.13|74.91
707|196|20|2025 Summer|66.91|85.66
708|91|3|2025 Summer|76.72|82.42
709|179|19|2025 Summer|88.27|84.68
710|104|8|2025 Summer|67.25|72.49
711|231|24|2025 Summer|84.41|88.71
712|256|14|2025 Summer|84.04|65.46
713|133|20|2025 Summer|74.59|77.38
714|68|20|2025 Summer|70.02|94.07
715|274|13|2025 Summer|70.04|96.89
716|39|15|2025 Summer|100.00|67.09
717|261|3|2025 Summer|95.47|88.00
718|233|16|2025 Summer|67.07|70.68
719|283|5|2025 Summer|57.19|93.40
720|90|7|2025 Summer|82.77|100.00
721|124|14|2025 Autumn|64.21|71.67
722|152|21|2025 Autumn|67.96|85.27
723|251|2|2025 Autumn|65.46|75.43
724|95|18|2025 Autumn|87.61|91.53
725|150|23|2025 Autumn|85.14|82.26
726|221|6|2025 Autumn|73.32|67.98
727|40|14|2025 Autumn|63.04|83.38
728|300|6|2025 Autumn|100.00|80.59
729|166|17|2025 Autumn|57.06|93.11
730|38|8|2025 Autumn|88.78|88.38
731|111|16|2025 Autumn|84.87|92.43
732|286|6|2025 Autumn|81.46|97.62
733|241|20|2025 Autumn|66.88|99.92
734|63|2|2025 Autumn|80.73|86.33
735|231|18|2025 Autumn|82.34|88.88
736|156|14|2025 Autumn|51.37|100.00
737|201|2|2025 Autumn|76.07|76.58
738|255|3|2025 Autumn|67.61|100.00
739|185|20|2025 Autumn|91.23|98.62
740|153|18|2025 Autumn|100.00|88.19
741|11|10|2025 Autumn|79.38|82.95
742|174|1|2025 Autumn|84.67|82.80
743|198|5|2025 Autumn|84.73|81.42
744|246|22|2025 Autumn|62.01|90.49
745|217|24|2025 Autumn|86.62|59.72
746|114|23|2025 Autumn|88.91|79.22
747|297|23|2025 Autumn|97.55|81.58
748|255|12|2025 Autumn|100.00|87.90
749|164|6|2025 Autumn|75.17|82.86
750|61|19|2025 Autumn|100.00|91.98
751|211|18|2025 Autumn|71.05|67.00
752|162|19|2025 Autumn|67.45|94.91
753|251|9|2025 Autumn|68.89|88.50
754|177|4|2025 Autumn|69.26|71.01
755|277|21|2025 Autumn|87.60|100.00
756|133|3|2025 Autumn|80.12|77.92
757|169|2|2025 Autumn|87.50|100.00
758|199|16|2025 Autumn|64.65|83.73
759|16|22|2025 Autumn|79.34|88.76
760|133|15|2025 Autumn|75.35|91.11
761|91|21|2025 Autumn|69.15|98.28
762|273|17|2025 Autumn|74.06|89.03
763|140|19|2025 Autumn|72.01|89.37
764|291|15|2025 Autumn|78.84|68.78
765|96|14|2025 Autumn|64.23|80.48
766|202|13|2025 Autumn|77.87|50.12
767|45|14|2025 Autumn|64.92|100.00
768|207|22|2025 Autumn|58.58|92.19
769|259|19|2025 Autumn|82.99|84.75
770|158|3|2025 Autumn|77.60|90.31
771|143|22|2025 Autumn|100.00|100.00
772|133|5|2025 Autumn|85.67|96.72
773|276|5|2025 Autumn|88.85|73.77
774|38|21|2025 Autumn|66.20|84.43
775|188|3|2025 Autumn|68.98|100.00
776|21|1|2025 Autumn|60.40|73.98
777|163|23|2025 Autumn|79.88|100.00
778|234|21|2025 Autumn|75.83|100.00
779|75|12|2025 Autumn|59.81|93.48
780|247|14|2025 Autumn|71.45|100.00
781|196|6|2025 Autumn|80.16|85.14
782|194|23|2025 Autumn|73.24|84.18
783|46|23|2025 Autumn|84.03|89.23
784|18|10|2025 Autumn|84.89|80.56
785|62|12|2025 Autumn|73.96|75.61
786|277|12|2025 Autumn|74.02|56.55
787|44|20|2025 Autumn|58.43|81.77
788|190|4|2025 Autumn|56.97|97.54
789|196|11|2025 Autumn|92.71|72.14
790|24|18|2025 Autumn|85.11|87.99
791|99|17|2025 Autumn|66.07|93.08
792|226|6|2025 Autumn|76.18|100.00
793|145|5|2025 Autumn|71.09|68.01
794|138|1|2025 Autumn|69.10|100.00
795|111|16|2025 Autumn|77.03|93.28
796|205|14|2025 Autumn|70.46|90.00
797|266|8|2025 Autumn|74.94|72.56
798|167|1|2025 Autumn|75.48|85.62
799|107|18|2025 Autumn|100.00|65.37
800|39|23|2025 Autumn|83.13|69.46
801|167|4|2025 Autumn|55.66|83.45
802|43|2|2025 Autumn|67.63|97.03
803|265|3|2025 Autumn|88.67|84.49
804|252|9|2025 Autumn|92.69|73.17
805|202|14|2025 Autumn|71.90|100.00
806|189|7|2025 Autumn|63.17|76.23
807|5|4|2025 Autumn|60.54|70.66
808|159|6|2025 Autumn|83.67|77.75
809|70|18|2025 Autumn|83.79|85.37
810|249|5|2025 Autumn|54.40|81.50
811|244|12|2025 Autumn|59.35|52.99
812|254|16|2025 Autumn|88.79|92.39
813|37|21|2025 Autumn|68.32|86.82
814|177|2|2025 Autumn|80.49|81.13
815|296|24|2025 Autumn|95.66|94.53
816|2|13|2025 Autumn|82.99|46.52
817|224|19|2025 Autumn|61.52|78.89
818|38|4|2025 Autumn|82.47|78.18
819|51|11|2025 Autumn|84.60|83.29
820|258|15|2025 Autumn|53.66|75.48
821|171|18|2025 Autumn|85.40|88.02
822|93|21|2025 Autumn|63.62|72.04
823|154|4|2025 Autumn|62.14|84.36
824|290|9|2025 Autumn|95.59|66.17
825|224|23|2025 Autumn|62.65|94.02
826|40|15|2025 Autumn|83.98|77.21
827|9|2|2025 Autumn|100.00|72.36
828|80|22|2025 Autumn|87.44|100.00
829|161|2|2025 Autumn|48.29|87.81
830|150|13|2025 Autumn|55.36|88.58
831|77|19|2025 Autumn|68.16|80.94
832|37|16|2025 Autumn|78.62|89.82
833|166|15|2025 Autumn|76.41|83.95
834|64|21|2025 Autumn|47.38|99.86
835|183|16|2025 Autumn|83.95|92.59
836|223|15|2025 Autumn|35.00|92.77
837|79|20|2025 Autumn|62.24|92.46
838|201|21|2025 Autumn|62.81|99.47
839|91|11|2025 Autumn|86.48|75.74
840|115|2|2025 Autumn|79.52|82.63
841|62|20|2025 Autumn|55.58|90.07
842|176|2|2025 Autumn|66.92|77.28
843|193|6|2025 Autumn|83.68|95.66
844|26|2|2025 Autumn|100.00|84.31
845|221|10|2025 Autumn|75.56|95.96
846|89|3|2025 Autumn|72.70|69.03
847|236|14|2025 Autumn|90.29|95.31
848|123|15|2025 Autumn|61.75|81.02
849|55|6|2025 Autumn|77.77|100.00
850|128|1|2025 Autumn|62.60|75.91
851|114|16|2025 Autumn|66.36|75.14
852|222|18|2025 Autumn|84.35|86.85
853|20|1|2025 Autumn|69.84|100.00
854|199|2|2025 Autumn|58.27|84.30
855|215|7|2025 Autumn|58.55|97.77
856|26|24|2025 Autumn|69.08|98.18
857|32|3|2025 Autumn|51.50|77.92
858|293|8|2025 Autumn|78.80|90.28
859|220|14|2025 Autumn|82.05|86.60
860|264|20|2025 Autumn|82.58|86.33
861|102|11|2025 Autumn|98.73|75.39
862|193|5|2025 Autumn|94.12|85.64
863|19|2|2025 Autumn|84.56|94.75
864|32|8|2025 Autumn|42.86|100.00
865|40|7|2025 Autumn|67.39|96.87
866|285|13|2025 Autumn|93.31|69.70
867|87|19|2025 Autumn|69.58|99.44
868|50|16|2025 Autumn|55.77|92.75
869|207|8|2025 Autumn|83.57|76.95
870|204|14|2025 Autumn|85.08|99.98
871|172|12|2025 Autumn|100.00|60.78
872|266|13|2025 Autumn|84.58|54.59
873|134|12|2025 Autumn|73.85|100.00
874|82|6|2025 Autumn|76.22|91.72
875|236|21|2025 Autumn|83.12|81.62
876|287|2|2025 Autumn|47.34|80.13
877|14|7|2025 Autumn|52.87|100.00
878|48|16|2025 Autumn|47.51|90.55
879|222|18|2025 Autumn|100.00|74.77
880|65|9|2025 Autumn|67.18|91.04
881|10|8|2025 Autumn|72.52|94.12
882|6|10|2025 Autumn|63.38|89.58
883|87|18|2025 Autumn|74.47|63.05
884|157|6|2025 Autumn|42.00|79.64
885|296|20|2025 Autumn|74.91|70.54
886|105|14|2025 Autumn|63.75|80.35
887|68|5|2025 Autumn|70.97|80.94
888|218|16|2025 Autumn|80.12|84.57
889|271|7|2025 Autumn|76.87|70.94
890|267|10|2025 Autumn|86.31|98.17
891|225|10|2025 Autumn|83.46|95.29
892|218|8|2025 Autumn|66.01|69.98
893|298|1|2025 Autumn|61.31|76.61
894|31|14|2025 Autumn|53.43|84.55
895|167|14|2025 Autumn|89.69|100.00
896|51|10|2025 Autumn|77.75|92.80
897|99|5|2025 Autumn|79.17|90.20
898|120|6|2025 Autumn|80.39|95.20
899|109|18|2025 Autumn|84.23|90.54
900|167|5|2025 Autumn|86.50|86.21
901|245|23|2025 Autumn|76.72|80.60
902|256|5|2025 Autumn|75.14|52.25
903|166|3|2025 Autumn|62.15|75.15
904|32|20|2025 Autumn|84.26|94.52
905|136|17|2025 Autumn|100.00|86.58
906|184|21|2025 Autumn|67.39|58.22
907|225|6|2025 Autumn|60.85|92.31
908|12|17|2025 Autumn|80.10|95.21
909|116|20|2025 Autumn|77.39|82.91
910|231|13|2025 Autumn|87.67|69.66
911|2|21|2025 Autumn|100.00|89.81
912|296|15|2025 Autumn|100.00|81.09
913|32|12|2025 Autumn|56.06|100.00
914|252|12|2025 Autumn|76.41|83.90
915|223|5|2025 Autumn|65.61|81.40
916|77|11|2025 Autumn|57.86|98.10
917|276|3|2025 Autumn|74.49|84.50
918|283|6|2025 Autumn|77.20|66.70
919|206|3|2025 Autumn|38.38|81.55
920|289|19|2025 Autumn|100.00|92.99
921|23|12|2025 Autumn|66.15|66.34
922|76|22|2025 Autumn|65.13|81.33
923|202|10|2025 Autumn|80.09|53.54
924|180|8|2025 Autumn|95.81|94.71
925|34|5|2025 Autumn|88.94|100.00
926|260|14|2025 Autumn|65.47|86.57
927|183|7|2025 Autumn|45.37|75.60
928|65|24|2025 Autumn|73.73|81.96
929|153|13|2025 Autumn|66.06|72.83
930|9|18|2025 Autumn|73.06|96.80
931|157|16|2025 Autumn|53.19|93.51
932|87|4|2025 Autumn|96.77|100.00
933|133|4|2025 Autumn|94.84|69.85
934|227|18|2025 Autumn|49.20|66.33
935|101|8|2025 Autumn|66.66|82.90
936|248|23|2025 Autumn|73.98|95.77
937|89|19|2025 Autumn|77.78|100.00
938|67|9|2025 Autumn|65.23|96.60
939|108|20|2025 Autumn|57.09|70.48
940|75|15|2025 Autumn|76.63|53.18
941|6|11|2025 Autumn|87.08|85.04
942|254|17|2025 Autumn|74.66|55.91
943|220|14|2025 Autumn|73.76|87.50
944|73|23|2025 Autumn|93.11|100.00
945|116|12|2025 Autumn|64.76|65.89
946|113|18|2025 Autumn|67.15|100.00
947|261|9|2025 Autumn|65.11|98.23
948|141|4|2025 Autumn|76.41|48.75
949|243|17|2025 Autumn|68.04|89.98
950|218|1|2025 Autumn|72.42|97.45
951|45|23|2025 Autumn|60.65|74.92
952|39|22|2025 Autumn|93.53|73.40
953|242|2|2025 Autumn|85.17|78.41
954|153|22|2025 Autumn|85.82|85.90
955|266|2|2025 Autumn|62.43|91.95
956|65|15|2025 Autumn|56.80|64.90
957|88|19|2025 Autumn|65.47|64.96
958|298|17|2025 Autumn|64.40|87.37
959|246|19|2025 Autumn|52.19|97.71
960|254|8|2025 Autumn|42.41|64.18
961|278|14|2025 Autumn|87.96|87.03
962|165|16|2025 Autumn|86.43|83.74
963|167|13|2025 Autumn|100.00|77.38
964|41|21|2025 Autumn|100.00|84.10
965|53|7|2025 Autumn|89.79|80.65
966|72|3|2025 Autumn|69.34|97.48
967|126|6|2025 Autumn|91.12|78.14
968|70|4|2025 Autumn|75.14|100.00
969|55|19|2025 Autumn|65.90|87.32
970|260|6|2025 Autumn|53.82|100.00
971|194|1|2025 Autumn|57.30|93.81
972|25|16|2025 Autumn|75.61|100.00
973|120|13|2025 Autumn|90.23|59.63
974|273|3|2025 Autumn|73.86|80.93
975|262|6|2025 Autumn|63.40|93.32
976|44|21|2025 Autumn|66.78|90.85
977|131|8|2025 Autumn|73.96|80.54
978|173|10|2025 Autumn|72.85|68.12
979|89|11|2025 Autumn|45.06|100.00
980|298|6|2025 Autumn|81.86|91.06
981|274|13|2025 Autumn|68.69|69.12
982|132|12|2025 Autumn|65.16|99.92
983|179|19|2025 Autumn|87.11|85.49
984|244|17|2025 Autumn|71.46|74.52
985|188|11|2025 Autumn|94.59|100.00
986|111|4|2025 Autumn|64.52|93.65
987|100|17|2025 Autumn|79.69|91.03
988|53|16|2025 Autumn|80.24|95.66
989|125|6|2025 Autumn|67.15|87.01
990|34|1|2025 Autumn|71.27|85.37
991|79|23|2025 Autumn|61.34|95.88
992|83|12|2025 Autumn|67.91|86.15
993|204|15|2025 Autumn|67.54|76.09
994|160|11|2025 Autumn|75.55|99.24
995|203|1|2025 Autumn|73.61|76.15
996|296|13|2025 Autumn|64.32|100.00
997|14|18|2025 Autumn|86.17|86.68
998|223|19|2025 Autumn|76.92|96.14
999|299|20|2025 Autumn|63.82|80.74
1000|215|10|2025 Autumn|73.71|89.78
1001|84|2|2025 Autumn|63.47|83.93
1002|129|14|2025 Autumn|90.53|100.00
1003|200|18|2025 Autumn|71.83|71.45
1004|43|21|2025 Autumn|90.03|95.97
1005|36|19|2025 Autumn|50.79|99.85
1006|172|4|2025 Autumn|70.31|90.08
1007|132|15|2025 Autumn|74.22|100.00
1008|258|13|2025 Autumn|75.27|84.70
1009|18|15|2025 Autumn|100.00|64.30
1010|115|20|2025 Autumn|62.06|81.09
1011|177|18|2025 Autumn|70.01|95.03
1012|93|22|2025 Autumn|69.12|93.00
1013|84|12|2025 Autumn|56.02|79.15
1014|249|5|2025 Autumn|70.37|95.44
1015|67|13|2025 Autumn|61.50|97.48
1016|246|5|2025 Autumn|67.12|69.61
1017|7|24|2025 Autumn|79.74|80.25
1018|165|12|2025 Autumn|65.52|84.06
1019|162|15|2025 Autumn|67.54|96.60
1020|123|5|2025 Autumn|89.74|86.40
1021|220|20|2025 Autumn|63.78|72.23
1022|82|3|2025 Autumn|96.28|76.83
1023|269|17|2025 Autumn|78.54|69.18
1024|105|7|2025 Autumn|78.99|94.56
1025|67|4|2025 Autumn|44.21|66.36
1026|265|9|2025 Autumn|61.92|86.28
1027|52|10|2025 Autumn|76.44|95.74
1028|118|6|2025 Autumn|78.03|86.78
1029|38|10|2025 Autumn|78.64|92.51
1030|1|12|2025 Autumn|68.22|83.63
1031|73|1|2025 Autumn|61.61|94.53
1032|155|14|2025 Autumn|86.81|82.93
1033|37|24|2025 Autumn|54.80|70.05
1034|17|17|2025 Autumn|48.52|91.59
1035|260|6|2025 Autumn|59.75|65.31
1036|52|14|2025 Autumn|77.50|89.81
1037|138|13|2025 Autumn|76.64|69.77
1038|34|11|2025 Autumn|88.33|71.38
1039|258|10|2025 Autumn|60.48|81.20
1040|180|9|2025 Autumn|77.28|82.49
1041|282|8|2025 Autumn|68.74|84.57
1042|129|9|2025 Autumn|90.02|80.58
1043|83|17|2025 Autumn|71.08|82.93
1044|203|19|2025 Autumn|75.91|96.56
1045|258|7|2025 Autumn|84.06|79.65
1046|8|14|2025 Autumn|79.42|77.51
1047|23|2|2025 Autumn|74.87|97.27
1048|11|15|2025 Autumn|86.03|100.00
1049|217|19|2025 Autumn|96.52|55.94
1050|114|16|2025 Autumn|69.91|100.00
1051|186|21|2025 Autumn|91.73|79.36
1052|164|16|2025 Autumn|42.81|87.18
1053|115|3|2025 Autumn|81.68|77.02
1054|111|1|2025 Autumn|58.35|63.29
1055|67|10|2025 Autumn|43.35|70.71
1056|44|20|2025 Autumn|83.50|85.90
1057|32|15|2025 Autumn|93.74|78.79
1058|294|20|2025 Autumn|35.00|100.00
1059|235|23|2025 Autumn|70.28|85.39
1060|290|14|2025 Autumn|62.44|77.82
1061|16|2|2025 Autumn|68.36|98.52
1062|167|7|2025 Autumn|70.58|76.86
1063|132|9|2025 Autumn|86.39|91.04
1064|39|16|2025 Autumn|100.00|95.78
1065|29|7|2025 Autumn|67.10|87.09
1066|36|5|2025 Autumn|70.73|75.79
1067|271|18|2025 Autumn|87.34|85.90
1068|55|21|2025 Autumn|54.87|86.10
1069|137|1|2025 Autumn|70.82|96.95
1070|176|5|2025 Autumn|76.13|89.33
1071|257|16|2025 Autumn|57.83|56.55
1072|247|15|2025 Autumn|80.94|89.96
1073|104|11|2025 Autumn|75.70|70.92
1074|186|22|2025 Autumn|50.84|90.15
1075|283|4|2025 Autumn|68.92|75.40
1076|21|14|2025 Autumn|87.10|72.86
1077|88|2|2025 Autumn|63.99|87.60
1078|222|19|2025 Autumn|59.00|74.24
1079|156|17|2025 Autumn|80.09|88.56
1080|128|18|2025 Autumn|35.56|97.75
1081|85|22|2025 Autumn|70.65|71.91
1082|283|6|2025 Autumn|61.95|90.66
1083|48|5|2025 Autumn|80.44|84.11
1084|163|17|2025 Autumn|88.30|98.01
1085|69|15|2025 Autumn|66.54|88.34
1086|118|5|2025 Autumn|71.57|100.00
1087|167|11|2025 Autumn|73.52|100.00
1088|66|14|2025 Autumn|38.85|75.70
1089|296|18|2025 Autumn|63.66|82.94
1090|186|7|2025 Autumn|100.00|86.85
1091|39|12|2025 Autumn|72.64|83.72
1092|159|21|2025 Autumn|56.92|74.99
1093|149|17|2025 Autumn|65.87|97.93
1094|229|7|2025 Autumn|70.90|68.63
1095|91|17|2025 Autumn|86.04|73.71
1096|117|14|2025 Autumn|87.63|88.16
1097|256|12|2025 Autumn|69.33|93.54
1098|109|8|2025 Autumn|74.29|77.22
1099|29|14|2025 Autumn|83.96|100.00
1100|223|10|2025 Autumn|65.23|74.78
1101|10|22|2025 Autumn|84.51|84.47
1102|136|14|2025 Autumn|91.58|67.59
1103|212|20|2025 Autumn|97.91|76.44
1104|21|20|2025 Autumn|69.64|90.35
1105|8|23|2025 Autumn|84.95|73.89
1106|158|9|2025 Autumn|78.14|74.66
1107|232|11|2025 Autumn|65.06|65.41
1108|29|14|2025 Autumn|68.86|66.81
1109|152|11|2025 Autumn|65.35|77.41
1110|104|12|2025 Autumn|78.28|61.66
1111|152|2|2025 Autumn|74.47|83.92
1112|3|18|2025 Autumn|77.54|76.37
1113|122|4|2025 Autumn|59.50|76.76
1114|261|1|2025 Autumn|84.84|94.84
1115|100|7|2025 Autumn|69.98|91.62
1116|220|1|2025 Autumn|100.00|74.89
1117|193|11|2025 Autumn|86.51|71.70
1118|75|6|2025 Autumn|92.78|89.25
1119|297|8|2025 Autumn|72.03|95.43
1120|15|21|2025 Autumn|54.04|87.58
1121|121|9|2026 Spring|57.99|86.05
1122|46|17|2026 Spring|62.37|82.62
1123|70|19|2026 Spring|100.00|67.83
1124|149|8|2026 Spring|82.51|85.57
1125|261|22|2026 Spring|90.46|85.16
1126|77|15|2026 Spring|94.43|90.26
1127|116|14|2026 Spring|50.29|69.05
1128|52|11|2026 Spring|92.13|66.88
1129|141|10|2026 Spring|89.51|79.87
1130|269|15|2026 Spring|78.57|88.88
1131|161|3|2026 Spring|71.91|79.26
1132|120|16|2026 Spring|64.46|70.91
1133|60|12|2026 Spring|83.60|69.86
1134|202|6|2026 Spring|78.30|73.55
1135|265|24|2026 Spring|64.04|84.23
1136|231|1|2026 Spring|72.28|90.02
1137|43|1|2026 Spring|86.02|89.98
1138|235|11|2026 Spring|69.78|76.66
1139|221|7|2026 Spring|77.24|73.65
1140|70|9|2026 Spring|92.59|100.00
1141|1|20|2026 Spring|90.75|71.61
1142|222|8|2026 Spring|72.92|85.71
1143|79|8|2026 Spring|51.99|89.14
1144|289|1|2026 Spring|53.56|74.57
1145|293|10|2026 Spring|71.07|87.23
1146|44|11|2026 Spring|65.53|89.78
1147|277|23|2026 Spring|89.23|86.32
1148|299|17|2026 Spring|54.76|88.48
1149|176|13|2026 Spring|61.55|85.68
1150|91|24|2026 Spring|74.93|82.56
1151|173|21|2026 Spring|71.96|75.06
1152|157|15|2026 Spring|68.50|92.68
1153|29|24|2026 Spring|56.62|93.43
1154|237|19|2026 Spring|74.86|95.35
1155|183|9|2026 Spring|87.26|92.80
1156|146|15|2026 Spring|77.36|94.05
1157|150|7|2026 Spring|63.04|100.00
1158|245|8|2026 Spring|88.06|98.37
1159|39|22|2026 Spring|87.29|92.64
1160|134|24|2026 Spring|62.01|86.67
1161|94|14|2026 Spring|68.77|70.02
1162|78|5|2026 Spring|52.80|70.28
1163|135|14|2026 Spring|89.99|71.16
1164|235|21|2026 Spring|91.45|79.31
1165|172|9|2026 Spring|62.22|84.63
1166|4|21|2026 Spring|55.33|79.97
1167|265|12|2026 Spring|56.07|88.20
1168|57|7|2026 Spring|67.12|78.80
1169|60|17|2026 Spring|69.34|98.79
1170|238|15|2026 Spring|63.55|69.81
1171|17|17|2026 Spring|77.47|85.38
1172|148|23|2026 Spring|92.80|87.24
1173|25|6|2026 Spring|90.51|76.02
1174|25|19|2026 Spring|88.04|100.00
1175|181|1|2026 Spring|86.43|92.04
1176|14|16|2026 Spring|100.00|79.83
1177|195|2|2026 Spring|82.27|83.72
1178|211|7|2026 Spring|96.82|97.68
1179|197|10|2026 Spring|60.58|70.00
1180|67|9|2026 Spring|84.19|84.12
1181|113|1|2026 Spring|52.78|85.08
1182|109|21|2026 Spring|44.45|80.27
1183|274|4|2026 Spring|81.60|96.72
1184|180|13|2026 Spring|71.09|86.84
1185|75|13|2026 Spring|68.48|92.44
1186|25|23|2026 Spring|77.71|93.20
1187|201|22|2026 Spring|76.52|81.94
1188|109|5|2026 Spring|92.19|86.62
1189|50|4|2026 Spring|75.94|84.55
1190|97|4|2026 Spring|52.08|86.51
1191|121|11|2026 Spring|48.96|86.06
1192|287|1|2026 Spring|84.86|89.41
1193|169|5|2026 Spring|63.26|100.00
1194|9|1|2026 Spring|84.04|70.91
1195|155|15|2026 Spring|86.45|77.38
1196|241|2|2026 Spring|71.17|63.20
1197|135|6|2026 Spring|69.80|87.95
1198|90|19|2026 Spring|64.94|86.46
1199|201|14|2026 Spring|85.61|93.04
1200|160|4|2026 Spring|47.31|88.43
1201|235|23|2026 Spring|73.24|92.86
1202|284|13|2026 Spring|78.08|86.18
1203|56|13|2026 Spring|82.73|82.35
1204|191|15|2026 Spring|76.26|100.00
1205|193|18|2026 Spring|72.40|78.93
1206|212|18|2026 Spring|70.62|78.46
1207|277|4|2026 Spring|81.59|82.64
1208|231|15|2026 Spring|63.72|86.28
1209|135|16|2026 Spring|65.76|86.57
1210|299|21|2026 Spring|65.84|78.03
1211|206|10|2026 Spring|98.09|97.74
1212|153|20|2026 Spring|82.03|86.10
1213|280|7|2026 Spring|65.66|95.40
1214|298|7|2026 Spring|60.08|61.17
1215|170|10|2026 Spring|86.44|94.65
1216|178|6|2026 Spring|72.94|76.28
1217|79|15|2026 Spring|35.00|85.37
1218|100|17|2026 Spring|100.00|90.74
1219|105|9|2026 Spring|46.72|77.82
1220|100|10|2026 Spring|64.47|61.28
1221|171|14|2026 Spring|61.64|76.63
1222|217|4|2026 Spring|79.79|82.27
1223|300|22|2026 Spring|53.02|77.41
1224|277|13|2026 Spring|64.50|100.00
1225|94|3|2026 Spring|72.91|72.86
1226|229|17|2026 Spring|67.27|71.56
1227|37|4|2026 Spring|49.44|92.29
1228|77|7|2026 Spring|100.00|100.00
1229|237|9|2026 Spring|59.51|94.60
1230|69|5|2026 Spring|77.63|74.79
1231|151|24|2026 Spring|70.21|84.38
1232|103|8|2026 Spring|54.09|76.00
1233|236|21|2026 Spring|85.75|57.71
1234|58|23|2026 Spring|70.13|88.61
1235|231|16|2026 Spring|54.36|63.50
1236|123|21|2026 Spring|51.86|100.00
1237|125|11|2026 Spring|79.41|97.18
1238|229|14|2026 Spring|66.29|85.01
1239|114|19|2026 Spring|63.00|100.00
1240|2|22|2026 Spring|62.39|98.13
1241|270|24|2026 Spring|70.98|77.83
1242|283|4|2026 Spring|79.71|86.71
1243|41|4|2026 Spring|79.40|100.00
1244|239|17|2026 Spring|66.54|85.61
1245|93|13|2026 Spring|69.85|63.83
1246|143|7|2026 Spring|91.28|97.29
1247|152|13|2026 Spring|96.39|81.16
1248|39|17|2026 Spring|79.10|74.72
1249|50|22|2026 Spring|64.79|78.15
1250|152|3|2026 Spring|83.79|75.13
1251|232|6|2026 Spring|100.00|82.60
1252|67|16|2026 Spring|62.79|100.00
1253|88|4|2026 Spring|45.86|85.47
1254|40|22|2026 Spring|69.74|100.00
1255|62|19|2026 Spring|73.65|79.58
1256|129|15|2026 Spring|65.74|94.43
1257|283|23|2026 Spring|81.76|74.84
1258|241|15|2026 Spring|70.45|93.50
1259|234|17|2026 Spring|72.75|96.72
1260|90|7|2026 Spring|100.00|76.47
1261|227|1|2026 Spring|88.85|89.62
1262|180|21|2026 Spring|68.65|78.92
1263|128|7|2026 Spring|82.69|94.20
1264|18|19|2026 Spring|68.22|61.60
1265|245|14|2026 Spring|83.30|87.16
1266|11|2|2026 Spring|72.32|93.30
1267|114|8|2026 Spring|58.56|89.06
1268|223|2|2026 Spring|86.15|76.70
1269|299|14|2026 Spring|75.68|81.68
1270|96|8|2026 Spring|87.97|78.08
1271|29|2|2026 Spring|62.06|78.48
1272|8|19|2026 Spring|80.76|81.12
1273|269|11|2026 Spring|83.55|100.00
1274|180|17|2026 Spring|75.82|67.01
1275|20|19|2026 Spring|88.44|96.04
1276|92|6|2026 Spring|86.57|84.16
1277|155|21|2026 Spring|68.37|98.09
1278|127|23|2026 Spring|80.71|81.84
1279|150|20|2026 Spring|100.00|92.98
1280|217|3|2026 Spring|88.30|63.63
1281|268|16|2026 Spring|88.90|91.68
1282|52|5|2026 Spring|62.92|71.74
1283|40|2|2026 Spring|81.50|91.36
1284|2|4|2026 Spring|70.52|100.00
1285|200|6|2026 Spring|82.61|93.39
1286|241|2|2026 Spring|83.16|85.10
1287|46|11|2026 Spring|93.38|88.58
1288|222|8|2026 Spring|100.00|87.21
1289|4|1|2026 Spring|69.86|93.91
1290|299|22|2026 Spring|100.00|75.05
1291|34|11|2026 Spring|56.86|100.00
1292|226|13|2026 Spring|72.76|97.71
1293|86|24|2026 Spring|69.01|91.03
1294|39|10|2026 Spring|79.95|89.02
1295|62|8|2026 Spring|75.46|63.73
1296|232|11|2026 Spring|89.61|92.10
1297|201|18|2026 Spring|77.54|76.24
1298|49|4|2026 Spring|53.30|82.17
1299|271|4|2026 Spring|49.38|84.13
1300|148|16|2026 Spring|58.16|88.08
1301|33|23|2026 Spring|87.24|73.79
1302|223|17|2026 Spring|70.68|95.54
1303|241|10|2026 Spring|85.89|78.98
1304|251|24|2026 Spring|47.37|100.00
1305|63|13|2026 Spring|58.00|81.04
1306|273|8|2026 Spring|100.00|76.44
1307|256|3|2026 Spring|82.33|64.95
1308|188|16|2026 Spring|68.76|91.81
1309|63|3|2026 Spring|100.00|100.00
1310|267|5|2026 Spring|53.52|100.00
1311|48|21|2026 Spring|76.01|86.66
1312|233|17|2026 Spring|62.45|75.97
1313|122|2|2026 Spring|88.69|100.00
1314|151|16|2026 Spring|65.99|58.92
1315|267|6|2026 Spring|73.50|83.93
1316|81|24|2026 Spring|75.69|85.61
1317|280|12|2026 Spring|81.38|99.59
1318|273|19|2026 Spring|66.52|71.35
1319|282|13|2026 Spring|65.75|88.16
1320|125|13|2026 Spring|81.70|73.65
1321|28|20|2026 Spring|85.16|79.58
1322|233|22|2026 Spring|91.29|89.88
1323|297|2|2026 Spring|73.22|75.24
1324|266|11|2026 Spring|71.51|71.55
1325|239|23|2026 Spring|81.77|77.19
1326|282|12|2026 Spring|100.00|88.71
1327|181|19|2026 Spring|73.42|70.42
1328|279|11|2026 Spring|72.26|97.96
1329|269|1|2026 Spring|67.03|69.94
1330|101|2|2026 Spring|67.71|86.78
1331|146|18|2026 Spring|76.16|58.25
1332|53|19|2026 Spring|63.76|82.28
1333|58|12|2026 Spring|76.78|77.04
1334|133|7|2026 Spring|87.40|79.06
1335|11|14|2026 Spring|60.25|87.53
1336|188|2|2026 Spring|81.17|91.95
1337|267|15|2026 Spring|79.51|71.29
1338|218|24|2026 Spring|54.54|98.96
1339|196|5|2026 Spring|74.86|92.96
1340|69|14|2026 Spring|80.44|100.00
1341|290|19|2026 Spring|72.03|81.71
1342|243|23|2026 Spring|80.36|86.39
1343|126|20|2026 Spring|89.61|78.80
1344|64|21|2026 Spring|60.15|85.67
1345|264|12|2026 Spring|63.33|94.78
1346|290|8|2026 Spring|68.96|89.91
1347|297|9|2026 Spring|68.69|90.82
1348|292|11|2026 Spring|47.82|96.33
1349|22|14|2026 Spring|77.10|86.08
1350|262|24|2026 Spring|67.11|80.85
1351|224|16|2026 Spring|86.86|100.00
1352|45|3|2026 Spring|97.35|100.00
1353|136|8|2026 Spring|59.61|63.52
1354|255|8|2026 Spring|68.97|70.58
1355|225|15|2026 Spring|89.85|87.34
1356|209|1|2026 Spring|60.72|72.99
1357|20|6|2026 Spring|80.90|86.59
1358|43|19|2026 Spring|74.97|81.01
1359|67|19|2026 Spring|85.14|89.24
1360|191|19|2026 Spring|61.51|87.37
1361|153|19|2026 Spring|73.69|92.45
1362|68|19|2026 Spring|78.59|67.95
1363|178|1|2026 Spring|63.70|70.56
1364|91|3|2026 Spring|72.28|73.61
1365|134|8|2026 Spring|77.12|86.38
1366|207|16|2026 Spring|75.79|100.00
1367|188|8|2026 Spring|66.92|89.14
1368|204|21|2026 Spring|88.75|80.98
1369|33|9|2026 Spring|93.74|92.56
1370|39|22|2026 Spring|72.86|89.96
1371|191|24|2026 Spring|75.01|100.00
1372|118|8|2026 Spring|92.05|69.58
1373|162|22|2026 Spring|64.67|62.35
1374|171|5|2026 Spring|100.00|77.86
1375|233|20|2026 Spring|99.85|87.29
1376|152|10|2026 Spring|69.55|84.14
1377|262|15|2026 Spring|54.76|49.36
1378|181|4|2026 Spring|82.71|94.04
1379|163|2|2026 Spring|71.88|80.77
1380|32|4|2026 Spring|54.67|93.32
1381|153|22|2026 Spring|75.76|80.37
1382|5|23|2026 Spring|97.93|87.54
1383|214|15|2026 Spring|100.00|91.90
1384|156|15|2026 Spring|65.06|79.41
1385|116|2|2026 Spring|74.13|97.22
1386|141|11|2026 Spring|63.36|70.30
1387|27|8|2026 Spring|59.43|63.62
1388|94|23|2026 Spring|92.66|82.54
1389|252|4|2026 Spring|100.00|74.24
1390|144|6|2026 Spring|65.52|68.91
1391|177|8|2026 Spring|60.08|87.29
1392|74|1|2026 Spring|65.38|100.00
1393|228|21|2026 Spring|84.68|57.27
1394|118|21|2026 Spring|74.19|84.06
1395|69|19|2026 Spring|47.82|80.56
1396|186|1|2026 Spring|78.38|87.66
1397|185|11|2026 Spring|82.08|85.00
1398|278|7|2026 Spring|51.80|93.28
1399|215|4|2026 Spring|58.97|80.14
1400|70|19|2026 Spring|75.38|88.78
1401|23|23|2026 Spring|73.73|88.18
1402|298|9|2026 Spring|60.74|86.91
1403|72|16|2026 Spring|62.05|77.90
1404|102|17|2026 Spring|82.81|100.00
1405|192|9|2026 Spring|65.29|83.39
1406|97|8|2026 Spring|75.71|91.08
1407|91|24|2026 Spring|86.74|98.51
1408|194|12|2026 Spring|100.00|76.40
1409|75|10|2026 Spring|67.27|81.65
1410|266|24|2026 Spring|56.69|77.17
1411|136|1|2026 Spring|73.61|82.43
1412|197|20|2026 Spring|96.53|78.49
1413|154|4|2026 Spring|69.09|84.48
1414|174|19|2026 Spring|90.81|73.16
1415|217|3|2026 Spring|69.97|93.90
1416|291|14|2026 Spring|52.89|80.06
1417|277|19|2026 Spring|44.56|92.90
1418|171|17|2026 Spring|95.79|91.76
1419|51|23|2026 Spring|80.30|93.40
1420|169|23|2026 Spring|94.94|94.53
1421|85|17|2026 Spring|70.71|92.79
1422|95|7|2026 Spring|50.49|90.04
1423|255|15|2026 Spring|63.70|82.87
1424|205|23|2026 Spring|67.36|95.72
1425|66|10|2026 Spring|73.39|84.89
1426|124|22|2026 Spring|57.51|89.84
1427|285|9|2026 Spring|82.96|88.35
1428|99|11|2026 Spring|88.15|70.62
1429|118|6|2026 Spring|94.33|87.00
1430|93|10|2026 Spring|83.97|73.13
1431|218|8|2026 Spring|89.70|85.08
1432|170|19|2026 Spring|58.08|77.18
1433|290|7|2026 Spring|77.48|81.45
1434|26|18|2026 Spring|70.88|100.00
1435|131|16|2026 Spring|59.17|84.99
1436|78|24|2026 Spring|74.08|85.97
1437|175|1|2026 Spring|59.80|83.37
1438|113|24|2026 Spring|83.34|94.12
1439|223|4|2026 Spring|79.43|96.73
1440|163|11|2026 Spring|89.57|100.00
1441|28|16|2026 Spring|68.59|92.57
1442|234|15|2026 Spring|77.98|79.78
1443|169|12|2026 Spring|67.65|85.27
1444|128|18|2026 Spring|86.62|74.37
1445|118|18|2026 Spring|75.13|100.00
1446|110|14|2026 Spring|71.85|79.68
1447|259|14|2026 Spring|74.03|92.58
1448|197|11|2026 Spring|73.83|93.91
1449|241|12|2026 Spring|91.60|100.00
1450|165|23|2026 Spring|75.91|69.79
1451|180|18|2026 Spring|82.00|83.77
1452|98|15|2026 Spring|78.76|67.17
1453|107|9|2026 Spring|45.57|57.94
1454|5|22|2026 Spring|100.00|58.15
1455|25|18|2026 Spring|69.97|86.59
1456|248|17|2026 Spring|91.21|82.40
1457|134|5|2026 Spring|79.08|98.26
1458|158|4|2026 Spring|96.89|68.97
1459|165|20|2026 Spring|92.27|88.26
1460|28|15|2026 Spring|82.75|90.16
1461|139|13|2026 Spring|55.65|90.20
1462|266|9|2026 Spring|71.36|85.67
1463|45|4|2026 Spring|80.80|85.69
1464|143|23|2026 Spring|78.85|79.28
1465|73|5|2026 Spring|70.40|100.00
1466|203|24|2026 Spring|100.00|73.34
1467|201|19|2026 Spring|93.17|76.38
1468|6|9|2026 Spring|76.14|65.56
1469|239|24|2026 Spring|71.51|100.00
1470|12|7|2026 Spring|95.21|87.19
1471|51|3|2026 Spring|35.44|92.31
1472|142|5|2026 Spring|81.02|75.94
1473|140|16|2026 Spring|82.45|100.00
1474|236|21|2026 Spring|63.32|75.65
1475|256|7|2026 Spring|79.17|81.69
1476|44|22|2026 Spring|75.58|99.67
1477|42|15|2026 Spring|76.80|72.47
1478|115|20|2026 Spring|87.26|80.21
1479|125|16|2026 Spring|68.35|81.04
1480|220|8|2026 Spring|62.78|62.90
1481|149|21|2026 Spring|57.47|79.07
1482|206|1|2026 Spring|76.67|81.10
1483|125|1|2026 Spring|67.20|97.26
1484|45|10|2026 Spring|60.98|96.08
1485|278|7|2026 Spring|87.85|63.33
1486|49|23|2026 Spring|76.62|78.19
1487|45|19|2026 Spring|66.51|85.13
1488|20|13|2026 Spring|62.73|93.22
1489|196|7|2026 Spring|65.98|72.36
1490|166|4|2026 Spring|63.31|91.52
1491|191|10|2026 Spring|85.93|94.34
1492|185|22|2026 Spring|75.58|77.07
1493|159|1|2026 Spring|74.84|92.05
1494|66|13|2026 Spring|76.25|90.61
1495|232|5|2026 Spring|78.55|95.77
1496|296|16|2026 Spring|78.59|90.75
1497|204|14|2026 Spring|75.53|79.36
1498|282|4|2026 Spring|71.09|93.50
1499|32|16|2026 Spring|69.82|81.52
1500|27|22|2026 Spring|75.05|83.48
1501|48|8|2026 Spring|84.44|99.06
1502|206|8|2026 Spring|89.59|72.83
1503|202|3|2026 Spring|59.94|70.21
1504|156|5|2026 Spring|93.55|72.84
1505|29|10|2026 Spring|66.51|71.69
1506|189|13|2026 Spring|85.74|76.14
1507|39|2|2026 Spring|82.31|81.36
1508|252|21|2026 Spring|35.00|59.07
1509|205|10|2026 Spring|100.00|78.38
1510|224|3|2026 Spring|56.59|92.89
1511|296|7|2026 Spring|54.56|99.28
1512|88|22|2026 Spring|62.05|80.80
1513|174|2|2026 Spring|67.93|73.08
1514|273|1|2026 Spring|67.50|81.47
1515|50|7|2026 Spring|79.52|83.15
1516|43|2|2026 Spring|76.24|78.70
1517|232|9|2026 Spring|73.29|96.77
1518|77|6|2026 Spring|56.80|88.43
1519|10|5|2026 Spring|58.25|74.16
1520|190|15|2026 Spring|45.73|85.07
1521|217|7|2026 Spring|75.01|87.59
1522|80|4|2026 Spring|73.32|76.08
1523|72|10|2026 Spring|100.00|74.02
1524|43|11|2026 Spring|61.41|89.22
1525|41|2|2026 Spring|86.99|84.00
1526|259|13|2026 Spring|65.70|74.61
1527|196|11|2026 Spring|74.71|93.27
1528|193|13|2026 Spring|79.28|75.89
1529|146|9|2026 Spring|75.54|62.96
1530|97|12|2026 Spring|72.92|96.68
1531|248|2|2026 Spring|51.28|87.10
1532|153|3|2026 Spring|70.88|82.39
1533|65|15|2026 Spring|53.12|65.85
1534|158|7|2026 Spring|85.39|66.61
1535|174|3|2026 Spring|74.17|90.62
1536|210|22|2026 Spring|52.88|69.81
1537|140|7|2026 Spring|87.31|91.50
1538|198|24|2026 Spring|96.67|100.00
1539|268|24|2026 Spring|79.38|91.77
1540|202|17|2026 Spring|79.83|90.29
1541|68|6|2026 Summer|74.16|96.92
1542|94|14|2026 Summer|67.89|68.53
1543|85|3|2026 Summer|72.62|84.18
1544|62|14|2026 Summer|60.61|81.65
1545|264|21|2026 Summer|87.61|98.33
1546|31|22|2026 Summer|73.32|88.82
1547|233|24|2026 Summer|58.12|82.87
1548|102|1|2026 Summer|56.10|93.18
1549|293|3|2026 Summer|86.97|90.69
1550|60|15|2026 Summer|64.28|81.14
1551|45|11|2026 Summer|57.50|100.00
1552|94|12|2026 Summer|79.01|80.21
1553|300|12|2026 Summer|74.81|67.06
1554|184|23|2026 Summer|68.72|99.55
1555|81|13|2026 Summer|59.73|79.59
1556|169|9|2026 Summer|82.48|100.00
1557|277|1|2026 Summer|58.63|68.82
1558|284|23|2026 Summer|64.73|78.32
1559|218|17|2026 Summer|81.24|77.25
1560|207|13|2026 Summer|74.89|72.02
1561|27|21|2026 Summer|87.23|88.75
1562|209|20|2026 Summer|72.27|86.06
1563|231|5|2026 Summer|84.86|75.96
1564|111|10|2026 Summer|75.73|72.76
1565|102|22|2026 Summer|79.55|90.02
1566|184|3|2026 Summer|81.02|90.93
1567|32|17|2026 Summer|82.91|83.60
1568|271|9|2026 Summer|60.57|90.50
1569|300|5|2026 Summer|85.02|68.40
1570|80|14|2026 Summer|43.68|73.26
1571|175|20|2026 Summer|56.86|80.04
1572|245|19|2026 Summer|83.98|89.95
1573|213|10|2026 Summer|82.92|89.74
1574|26|15|2026 Summer|78.93|80.32
1575|222|14|2026 Summer|72.28|100.00
1576|168|14|2026 Summer|75.43|69.10
1577|260|6|2026 Summer|69.95|86.04
1578|115|20|2026 Summer|92.05|98.27
1579|2|16|2026 Summer|97.33|94.90
1580|108|6|2026 Summer|75.28|75.14
1581|193|14|2026 Summer|97.85|76.83
1582|295|8|2026 Summer|80.70|78.99
1583|221|19|2026 Summer|95.58|92.75
1584|274|14|2026 Summer|55.14|89.98
1585|178|5|2026 Summer|60.68|95.86
1586|95|23|2026 Summer|72.71|80.09
1587|174|22|2026 Summer|83.48|79.77
1588|144|20|2026 Summer|99.30|99.13
1589|168|10|2026 Summer|77.54|50.83
1590|116|14|2026 Summer|76.23|100.00
1591|122|18|2026 Summer|59.58|100.00
1592|237|18|2026 Summer|68.89|95.58
1593|87|15|2026 Summer|72.92|91.98
1594|129|20|2026 Summer|69.97|74.08
1595|198|24|2026 Summer|63.79|83.00
1596|46|16|2026 Summer|70.18|94.87
1597|44|3|2026 Summer|68.44|77.67
1598|50|5|2026 Summer|57.49|89.15
1599|181|10|2026 Summer|58.89|88.68
1600|192|5|2026 Summer|78.75|74.86
1601|158|17|2026 Summer|71.91|81.04
1602|12|10|2026 Summer|79.93|86.96
1603|129|22|2026 Summer|74.10|92.57
1604|85|14|2026 Summer|56.87|89.56
1605|273|24|2026 Summer|72.60|62.21
1606|66|24|2026 Summer|65.50|80.50
1607|140|2|2026 Summer|67.57|93.89
1608|47|18|2026 Summer|80.01|70.73
1609|5|13|2026 Summer|62.48|69.13
1610|290|2|2026 Summer|68.48|80.06
1611|217|15|2026 Summer|85.28|100.00
1612|214|12|2026 Summer|81.30|82.70
1613|4|9|2026 Summer|72.88|69.32
1614|251|21|2026 Summer|68.14|69.72
1615|265|22|2026 Summer|50.57|65.70
1616|189|24|2026 Summer|69.80|78.50
1617|65|16|2026 Summer|72.07|71.73
1618|295|20|2026 Summer|74.34|75.82
1619|136|7|2026 Summer|79.99|88.45
1620|255|12|2026 Summer|93.66|63.41
1621|45|2|2026 Summer|74.69|85.64
1622|1|5|2026 Summer|73.14|82.10
1623|275|21|2026 Summer|82.91|89.97
1624|69|14|2026 Summer|85.28|51.40
1625|126|10|2026 Summer|81.39|78.69
1626|29|6|2026 Summer|85.98|86.39
1627|241|22|2026 Summer|85.27|96.16
1628|149|18|2026 Summer|35.00|53.00
1629|262|4|2026 Summer|63.84|100.00
1630|35|23|2026 Summer|64.80|84.82
1631|285|12|2026 Summer|69.24|87.11
1632|228|22|2026 Summer|79.99|72.62
1633|235|19|2026 Summer|97.45|86.79
1634|93|23|2026 Summer|61.49|76.78
1635|236|8|2026 Summer|87.01|94.87
1636|109|24|2026 Summer|66.19|88.54
1637|82|14|2026 Summer|85.93|100.00
1638|251|13|2026 Summer|69.69|76.47
1639|125|7|2026 Summer|86.13|74.79
1640|106|19|2026 Summer|77.51|81.60
1641|58|1|2026 Summer|60.76|86.98
1642|166|17|2026 Summer|75.64|81.02
1643|288|15|2026 Summer|80.76|81.57
1644|224|22|2026 Summer|64.79|77.51
1645|250|12|2026 Summer|71.98|88.65
1646|219|24|2026 Summer|58.90|61.98
1647|243|6|2026 Summer|77.00|89.31
1648|261|19|2026 Summer|60.03|76.26
1649|134|3|2026 Summer|78.53|88.76
1650|2|21|2026 Summer|73.75|98.44
1651|53|12|2026 Summer|89.80|86.71
1652|253|21|2026 Summer|65.83|62.06
1653|7|21|2026 Summer|80.42|74.67
1654|45|20|2026 Summer|75.18|79.13
1655|279|20|2026 Summer|80.63|85.99
1656|200|3|2026 Summer|68.18|86.34
1657|210|2|2026 Summer|81.83|100.00
1658|173|7|2026 Summer|71.47|71.77
1659|6|6|2026 Summer|43.28|75.46
1660|48|16|2026 Summer|84.46|85.64
1661|56|10|2026 Summer|85.08|93.49
1662|66|8|2026 Summer|96.73|100.00
1663|279|1|2026 Summer|78.82|70.25
1664|76|23|2026 Summer|80.23|80.95
1665|199|8|2026 Summer|95.27|88.94
1666|99|22|2026 Summer|63.19|84.44
1667|132|13|2026 Summer|94.78|86.13
1668|84|23|2026 Summer|70.60|76.34
1669|286|13|2026 Summer|78.91|90.46
1670|36|6|2026 Summer|45.86|64.82
1671|7|23|2026 Summer|65.16|86.96
1672|202|12|2026 Summer|84.75|67.77
1673|155|19|2026 Summer|84.49|81.08
1674|200|15|2026 Summer|100.00|100.00
1675|261|16|2026 Summer|83.75|86.19
1676|296|16|2026 Summer|89.71|84.40
1677|25|4|2026 Summer|96.89|84.20
1678|41|24|2026 Summer|61.78|97.34
1679|7|10|2026 Summer|66.42|89.07
1680|7|13|2026 Summer|61.69|80.13
1681|213|15|2026 Summer|72.23|100.00
1682|110|11|2026 Summer|65.76|94.02
1683|86|11|2026 Summer|72.42|78.39
1684|188|4|2026 Summer|63.60|94.18
1685|262|10|2026 Summer|76.32|81.36
1686|224|12|2026 Summer|66.42|81.20
1687|29|16|2026 Summer|73.73|76.39
1688|199|18|2026 Summer|58.61|76.65
1689|280|11|2026 Summer|70.67|73.25
1690|89|17|2026 Summer|74.99|80.60
1691|111|16|2026 Summer|68.09|94.32
1692|126|12|2026 Summer|90.81|69.55
1693|77|17|2026 Summer|64.43|66.39
1694|268|5|2026 Summer|82.52|94.78
1695|212|15|2026 Summer|73.44|70.42
1696|85|8|2026 Summer|79.90|91.14
1697|47|18|2026 Summer|47.23|98.42
1698|287|9|2026 Summer|68.66|95.57
1699|283|21|2026 Summer|76.29|96.89
1700|147|5|2026 Summer|59.15|91.11
1701|207|8|2026 Summer|72.41|79.09
1702|280|15|2026 Summer|73.02|96.50
1703|85|9|2026 Summer|86.68|72.41
1704|255|5|2026 Summer|51.77|64.86
1705|82|19|2026 Summer|100.00|82.56
1706|31|22|2026 Summer|35.00|76.17
1707|277|24|2026 Summer|77.39|99.38
1708|289|3|2026 Summer|56.87|84.29
1709|171|12|2026 Summer|84.39|88.07
1710|231|13|2026 Summer|69.10|66.54
1711|109|22|2026 Summer|72.92|65.27
1712|49|1|2026 Summer|63.38|72.05
1713|12|15|2026 Summer|75.36|85.54
1714|106|8|2026 Summer|78.22|94.75
1715|88|13|2026 Summer|54.87|84.37
1716|32|6|2026 Summer|80.20|75.17
1717|274|15|2026 Summer|75.18|87.74
1718|123|17|2026 Summer|78.43|89.15
1719|241|5|2026 Summer|76.04|89.15
1720|110|10|2026 Summer|60.30|83.79
1721|253|20|2026 Summer|97.16|74.35
1722|291|16|2026 Summer|68.89|73.26
1723|143|8|2026 Summer|73.28|100.00
1724|151|21|2026 Summer|92.91|91.38
1725|127|14|2026 Summer|56.18|100.00
1726|254|24|2026 Summer|65.13|86.20
1727|141|15|2026 Summer|75.05|86.58
1728|129|1|2026 Summer|67.72|72.20
1729|92|22|2026 Summer|91.55|82.78
1730|22|13|2026 Summer|100.00|82.08
1731|3|11|2026 Summer|100.00|72.94
1732|71|7|2026 Summer|64.39|89.84
1733|211|3|2026 Summer|65.84|70.38
1734|115|17|2026 Summer|61.69|67.65
1735|165|20|2026 Summer|72.45|82.47
1736|248|23|2026 Summer|100.00|83.59
1737|214|2|2026 Summer|74.88|66.43
1738|202|6|2026 Summer|46.68|88.57
1739|112|8|2026 Summer|64.65|82.09
1740|140|4|2026 Summer|72.60|97.53
1741|97|24|2026 Summer|88.30|100.00
1742|137|8|2026 Summer|47.24|95.39
1743|289|16|2026 Summer|60.12|97.75
1744|171|24|2026 Summer|86.87|89.88
1745|203|11|2026 Summer|72.08|57.30
1746|32|5|2026 Summer|66.95|80.07
1747|67|16|2026 Summer|86.51|79.80
1748|245|19|2026 Summer|88.72|79.89
1749|34|7|2026 Summer|55.63|88.33
1750|75|15|2026 Summer|66.46|92.21
1751|50|15|2026 Summer|87.44|64.69
1752|292|8|2026 Summer|72.89|97.29
1753|89|20|2026 Summer|77.09|88.26
1754|66|9|2026 Summer|88.83|85.16
1755|73|16|2026 Summer|95.23|76.85
1756|47|4|2026 Summer|92.72|83.34
1757|126|16|2026 Summer|77.42|86.54
1758|6|9|2026 Summer|94.11|72.27
1759|244|17|2026 Summer|62.92|87.70
1760|150|5|2026 Summer|65.27|75.63
1761|64|22|2026 Summer|93.61|85.02
1762|253|18|2026 Summer|54.85|97.06
1763|16|3|2026 Summer|56.10|52.76
1764|278|8|2026 Summer|81.02|79.61
1765|146|11|2026 Summer|64.08|84.13
1766|95|2|2026 Summer|65.23|72.73
1767|274|8|2026 Summer|90.23|67.79
1768|96|11|2026 Summer|76.19|59.41
1769|154|16|2026 Summer|49.50|85.77
1770|199|4|2026 Summer|67.08|87.15
1771|43|2|2026 Summer|70.55|99.58
1772|38|17|2026 Summer|51.72|97.43
1773|273|10|2026 Summer|90.61|87.53
1774|208|7|2026 Summer|61.40|96.52
1775|210|5|2026 Summer|59.01|82.57
1776|151|20|2026 Summer|86.85|74.02
1777|167|17|2026 Summer|62.26|55.18
1778|158|23|2026 Summer|93.08|72.37
1779|258|3|2026 Summer|60.95|89.30
1780|278|12|2026 Summer|91.12|87.46
1781|81|6|2026 Summer|51.15|85.74
1782|100|18|2026 Summer|59.54|64.34
1783|174|1|2026 Summer|93.44|79.86
1784|58|17|2026 Summer|58.77|94.86
1785|273|10|2026 Summer|57.55|78.50
1786|90|20|2026 Summer|64.30|65.50
1787|49|20|2026 Summer|66.08|78.13
1788|239|20|2026 Summer|89.12|72.06
1789|238|3|2026 Summer|55.65|58.82
1790|156|6|2026 Summer|62.75|90.09
1791|161|8|2026 Summer|59.76|67.72
1792|41|5|2026 Summer|74.53|94.73
1793|131|19|2026 Summer|78.31|93.81
1794|210|14|2026 Summer|78.51|75.46
1795|238|1|2026 Summer|84.81|100.00
1796|203|14|2026 Summer|55.26|88.71
1797|161|9|2026 Summer|61.36|75.10
1798|207|8|2026 Summer|42.54|100.00
1799|17|9|2026 Summer|90.34|76.63
1800|25|13|2026 Summer|84.41|83.09
1801|70|20|2026 Summer|96.26|96.43
1802|55|1|2026 Summer|77.29|73.88
1803|86|1|2026 Summer|79.71|77.70
1804|285|14|2026 Summer|84.09|83.70
1805|128|18|2026 Summer|54.56|100.00
1806|64|18|2026 Summer|64.31|79.72
1807|107|13|2026 Summer|45.40|53.82
1808|26|6|2026 Summer|88.14|89.87
1809|110|6|2026 Summer|90.15|75.88
1810|269|8|2026 Summer|61.32|73.59
1811|34|13|2026 Summer|75.84|99.19
1812|69|16|2026 Summer|80.68|100.00
1813|71|20|2026 Summer|67.80|84.55
1814|92|5|2026 Summer|60.63|55.96
1815|81|16|2026 Summer|80.91|100.00
1816|182|10|2026 Summer|85.63|83.14
1817|208|23|2026 Summer|100.00|80.86
1818|206|24|2026 Summer|62.80|100.00
1819|299|22|2026 Summer|74.59|80.41
1820|125|20|2026 Summer|100.00|91.77
1821|9|10|2026 Summer|80.97|99.69
1822|5|7|2026 Summer|46.27|100.00
1823|77|2|2026 Summer|57.89|85.21
1824|116|13|2026 Summer|66.14|67.36
1825|173|2|2026 Summer|61.84|83.62
1826|255|6|2026 Summer|70.22|69.43
1827|204|23|2026 Summer|70.89|56.39
1828|98|19|2026 Summer|61.86|88.50
1829|196|5|2026 Summer|67.86|83.32
1830|149|17|2026 Summer|100.00|100.00
1831|248|8|2026 Summer|65.93|93.89
1832|270|12|2026 Summer|63.89|71.46
1833|269|15|2026 Summer|75.10|75.58
1834|203|15|2026 Summer|88.42|78.37
1835|186|11|2026 Summer|61.87|60.00
1836|261|2|2026 Summer|85.01|87.79
1837|82|10|2026 Summer|60.14|79.61
1838|22|10|2026 Summer|56.27|80.70
1839|117|8|2026 Summer|80.94|71.95
1840|261|9|2026 Summer|58.29|95.80
1841|32|23|2026 Summer|81.37|81.22
1842|50|3|2026 Summer|96.09|79.89
1843|142|16|2026 Summer|100.00|83.03
1844|95|20|2026 Summer|91.59|67.75
1845|193|13|2026 Summer|55.67|100.00
1846|92|22|2026 Summer|76.93|54.94
1847|16|14|2026 Summer|64.32|74.24
1848|280|18|2026 Summer|76.21|85.94
1849|136|24|2026 Summer|71.51|88.78
1850|214|15|2026 Summer|80.11|71.92
1851|2|5|2026 Summer|54.00|97.38
1852|218|5|2026 Summer|71.97|75.79
1853|197|6|2026 Summer|55.54|65.53
1854|6|17|2026 Summer|61.27|85.79
1855|194|4|2026 Summer|77.58|89.07
1856|258|10|2026 Summer|90.86|84.74
1857|147|2|2026 Summer|62.48|100.00
1858|292|22|2026 Summer|71.17|79.80
1859|86|11|2026 Summer|55.98|100.00
1860|213|3|2026 Summer|80.75|100.00
1861|50|6|2026 Summer|68.87|99.54
1862|268|8|2026 Summer|70.14|96.86
1863|58|9|2026 Summer|67.76|75.71
1864|183|7|2026 Summer|79.20|76.69
1865|34|15|2026 Summer|49.06|100.00
1866|268|7|2026 Summer|78.73|63.51
1867|163|15|2026 Summer|72.25|96.53
1868|209|17|2026 Summer|72.50|87.56
1869|69|3|2026 Summer|76.98|79.46
1870|62|22|2026 Summer|72.96|94.43
1871|189|7|2026 Summer|75.92|86.53
1872|87|10|2026 Summer|56.19|79.85
1873|193|20|2026 Summer|55.96|71.54
1874|68|15|2026 Summer|40.38|71.65
1875|294|3|2026 Summer|90.62|100.00
1876|289|3|2026 Summer|70.27|65.99
1877|118|8|2026 Summer|100.00|94.90
1878|87|18|2026 Summer|88.12|97.58
1879|243|12|2026 Summer|56.38|97.94
1880|124|23|2026 Summer|83.42|72.36
1881|269|20|2026 Summer|69.78|76.78
1882|261|7|2026 Summer|79.54|74.37
1883|276|8|2026 Summer|78.64|81.04
1884|190|20|2026 Summer|77.54|85.13
1885|151|12|2026 Summer|74.28|89.26
1886|40|9|2026 Summer|63.09|95.19
1887|30|20|2026 Summer|68.27|100.00
1888|174|21|2026 Summer|67.01|86.21
1889|115|4|2026 Summer|100.00|85.74
1890|65|13|2026 Summer|89.79|93.03
1891|247|22|2026 Summer|76.09|92.49
1892|65|18|2026 Summer|58.12|93.72
1893|239|10|2026 Summer|78.79|65.57
1894|249|17|2026 Summer|51.36|96.00
1895|171|5|2026 Summer|93.48|93.64
1896|294|21|2026 Summer|91.23|100.00
1897|80|21|2026 Summer|77.87|90.96
1898|186|20|2026 Summer|71.01|71.94
1899|116|23|2026 Summer|80.16|87.91
1900|55|16|2026 Summer|69.23|74.52
1901|215|20|2026 Summer|64.41|85.49
1902|91|2|2026 Summer|51.55|72.78
1903|69|14|2026 Summer|88.81|100.00
1904|183|21|2026 Summer|92.77|94.08
1905|30|21|2026 Summer|65.44|85.59
1906|192|18|2026 Summer|76.07|76.23
1907|251|17|2026 Summer|66.01|88.31
1908|192|24|2026 Summer|70.16|93.32
1909|159|11|2026 Summer|96.88|74.10
1910|252|13|2026 Summer|88.93|81.23
1911|146|19|2026 Summer|68.73|72.59
1912|224|13|2026 Summer|54.53|98.42
1913|242|1|2026 Summer|74.08|100.00
1914|282|23|2026 Summer|60.79|99.87
1915|129|7|2026 Summer|93.52|80.67
1916|269|8|2026 Summer|61.94|83.86
1917|84|20|2026 Summer|79.64|74.67
1918|250|20|2026 Summer|86.17|69.29
1919|225|8|2026 Summer|74.97|100.00
1920|274|4|2026 Summer|68.15|74.92
1921|289|12|2026 Autumn||85.18
1922|158|7|2026 Autumn||100.00
1923|13|19|2026 Autumn||89.15
1924|117|14|2026 Autumn||74.35
1925|101|18|2026 Autumn||92.14
1926|143|1|2026 Autumn||62.31
1927|95|23|2026 Autumn||92.78
1928|48|13|2026 Autumn||86.85
1929|196|8|2026 Autumn||86.33
1930|130|18|2026 Autumn||89.12
1931|166|2|2026 Autumn||82.43
1932|98|7|2026 Autumn||73.31
1933|15|20|2026 Autumn||95.88
1934|221|24|2026 Autumn||70.67
1935|76|4|2026 Autumn||80.97
1936|182|15|2026 Autumn||64.87
1937|273|6|2026 Autumn||89.10
1938|297|1|2026 Autumn||87.41
1939|195|22|2026 Autumn||66.63
1940|226|20|2026 Autumn||90.34
1941|299|10|2026 Autumn||68.99
1942|290|9|2026 Autumn||86.65
1943|277|17|2026 Autumn||81.70
1944|97|24|2026 Autumn||100.00
1945|194|14|2026 Autumn||71.86
1946|112|22|2026 Autumn||78.89
1947|219|10|2026 Autumn||100.00
1948|296|15|2026 Autumn||81.01
1949|262|11|2026 Autumn||95.27
1950|47|18|2026 Autumn||77.30
1951|81|22|2026 Autumn||100.00
1952|154|6|2026 Autumn||100.00
1953|109|6|2026 Autumn||66.84
1954|183|5|2026 Autumn||78.22
1955|254|24|2026 Autumn||78.47
1956|132|1|2026 Autumn||68.82
1957|183|2|2026 Autumn||65.55
1958|108|7|2026 Autumn||83.62
1959|132|20|2026 Autumn||95.78
1960|160|21|2026 Autumn||90.45
1961|16|22|2026 Autumn||71.71
1962|86|1|2026 Autumn||97.62
1963|280|11|2026 Autumn||85.76
1964|210|9|2026 Autumn||97.09
1965|116|17|2026 Autumn||80.26
1966|2|16|2026 Autumn||85.84
1967|103|6|2026 Autumn||77.06
1968|164|5|2026 Autumn||76.08
1969|275|16|2026 Autumn||60.60
1970|11|1|2026 Autumn||87.80
1971|66|7|2026 Autumn||79.19
1972|270|7|2026 Autumn||87.92
1973|261|1|2026 Autumn||65.49
1974|49|16|2026 Autumn||87.93
1975|13|8|2026 Autumn||69.09
1976|293|15|2026 Autumn||76.06
1977|63|2|2026 Autumn||77.23
1978|131|8|2026 Autumn||87.71
1979|265|14|2026 Autumn||80.52
1980|83|21|2026 Autumn||83.03
1981|268|6|2026 Autumn||93.17
1982|40|6|2026 Autumn||88.03
1983|45|8|2026 Autumn||91.76
1984|94|1|2026 Autumn||88.69
1985|295|11|2026 Autumn||78.03
1986|108|17|2026 Autumn||100.00
1987|73|7|2026 Autumn||87.93
1988|257|5|2026 Autumn||93.96
1989|77|19|2026 Autumn||74.84
1990|150|9|2026 Autumn||100.00
1991|126|17|2026 Autumn||63.61
1992|62|17|2026 Autumn||76.96
1993|294|7|2026 Autumn||93.04
1994|201|13|2026 Autumn||95.28
1995|14|14|2026 Autumn||74.49
1996|215|3|2026 Autumn||57.99
1997|244|13|2026 Autumn||77.90
1998|224|12|2026 Autumn||65.01
1999|187|7|2026 Autumn||91.97
2000|151|12|2026 Autumn||73.12
2001|262|7|2026 Autumn||84.96
2002|18|23|2026 Autumn||83.53
2003|201|2|2026 Autumn||91.33
2004|19|12|2026 Autumn||100.00
2005|259|17|2026 Autumn||94.80
2006|275|8|2026 Autumn||84.95
2007|244|1|2026 Autumn||100.00
2008|282|18|2026 Autumn||63.88
2009|97|4|2026 Autumn||92.36
2010|218|8|2026 Autumn||92.07
2011|70|9|2026 Autumn||95.78
2012|88|9|2026 Autumn||100.00
2013|114|9|2026 Autumn||100.00
2014|49|16|2026 Autumn||83.13
2015|193|1|2026 Autumn||96.29
2016|189|2|2026 Autumn||100.00
2017|183|18|2026 Autumn||68.05
2018|129|13|2026 Autumn||95.93
2019|118|5|2026 Autumn||75.23
2020|154|11|2026 Autumn||83.98
2021|134|3|2026 Autumn||92.07
2022|214|23|2026 Autumn||75.35
2023|122|9|2026 Autumn||94.11
2024|251|8|2026 Autumn||64.02
2025|179|4|2026 Autumn||89.06
2026|164|23|2026 Autumn||82.39
2027|14|1|2026 Autumn||72.07
2028|35|20|2026 Autumn||93.90
2029|1|21|2026 Autumn||84.22
2030|167|20|2026 Autumn||89.00
2031|221|14|2026 Autumn||85.20
2032|33|5|2026 Autumn||82.84
2033|82|12|2026 Autumn||68.82
2034|213|16|2026 Autumn||84.78
2035|147|17|2026 Autumn||84.15
2036|267|20|2026 Autumn||80.45
2037|8|18|2026 Autumn||79.91
2038|254|1|2026 Autumn||100.00
2039|192|2|2026 Autumn||75.75
2040|27|23|2026 Autumn||83.78
2041|247|7|2026 Autumn||87.49
2042|213|23|2026 Autumn||64.80
2043|21|24|2026 Autumn||69.47
2044|153|14|2026 Autumn||64.87
2045|294|7|2026 Autumn||78.20
2046|70|3|2026 Autumn||53.73
2047|33|11|2026 Autumn||90.74
2048|85|21|2026 Autumn||85.74
2049|275|5|2026 Autumn||75.16
2050|143|24|2026 Autumn||81.16
2051|274|2|2026 Autumn||88.32
2052|212|3|2026 Autumn||57.98
2053|17|24|2026 Autumn||83.64
2054|52|1|2026 Autumn||77.12
2055|3|10|2026 Autumn||77.05
2056|235|4|2026 Autumn||61.36
2057|211|19|2026 Autumn||99.71
2058|287|18|2026 Autumn||79.85
2059|190|2|2026 Autumn||73.29
2060|173|22|2026 Autumn||77.42
2061|85|23|2026 Autumn||82.37
2062|90|10|2026 Autumn||84.86
2063|52|6|2026 Autumn||100.00
2064|169|11|2026 Autumn||72.99
2065|115|4|2026 Autumn||80.62
2066|14|19|2026 Autumn||77.27
2067|144|23|2026 Autumn||84.82
2068|204|8|2026 Autumn||80.19
2069|186|15|2026 Autumn||76.49
2070|80|12|2026 Autumn||97.46
2071|253|9|2026 Autumn||76.87
2072|131|4|2026 Autumn||72.94
2073|147|10|2026 Autumn||70.57
2074|223|8|2026 Autumn||87.80
2075|167|16|2026 Autumn||96.74
2076|60|21|2026 Autumn||80.79
2077|92|2|2026 Autumn||76.81
2078|75|20|2026 Autumn||62.76
2079|69|21|2026 Autumn||71.02
2080|34|24|2026 Autumn||78.63
2081|40|14|2026 Autumn||92.26
2082|46|12|2026 Autumn||90.45
2083|22|10|2026 Autumn||77.48
2084|299|12|2026 Autumn||66.79
2085|289|4|2026 Autumn||100.00
2086|108|2|2026 Autumn||94.11
2087|160|8|2026 Autumn||81.31
2088|275|13|2026 Autumn||91.69
2089|201|16|2026 Autumn||78.08
2090|127|14|2026 Autumn||72.93
2091|159|10|2026 Autumn||85.88
2092|211|8|2026 Autumn||92.54
2093|133|3|2026 Autumn||78.87
2094|83|15|2026 Autumn||91.67
2095|209|10|2026 Autumn||78.58
2096|222|16|2026 Autumn||75.99
2097|171|15|2026 Autumn||70.00
2098|245|5|2026 Autumn||89.19
2099|115|18|2026 Autumn||96.46
2100|226|8|2026 Autumn||61.89
2101|14|1|2026 Autumn||88.92
2102|89|11|2026 Autumn||74.99
2103|52|2|2026 Autumn||78.79
2104|125|21|2026 Autumn||85.64
2105|257|20|2026 Autumn||86.40
2106|205|16|2026 Autumn||87.85
2107|259|23|2026 Autumn||79.87
2108|185|6|2026 Autumn||75.24
2109|121|15|2026 Autumn||87.86
2110|227|5|2026 Autumn||77.42
2111|25|3|2026 Autumn||77.68
2112|264|4|2026 Autumn||100.00
2113|259|3|2026 Autumn||86.73
2114|94|4|2026 Autumn||87.72
2115|248|2|2026 Autumn||81.87
2116|193|3|2026 Autumn||96.59
2117|184|1|2026 Autumn||63.14
2118|156|22|2026 Autumn||77.97
2119|215|13|2026 Autumn||90.12
2120|177|23|2026 Autumn||100.00
2121|22|20|2026 Autumn||71.89
2122|219|20|2026 Autumn||82.46
2123|99|21|2026 Autumn||81.07
2124|75|3|2026 Autumn||80.70
2125|277|4|2026 Autumn||98.36
2126|289|17|2026 Autumn||60.44
2127|208|1|2026 Autumn||87.09
2128|60|9|2026 Autumn||77.37
2129|158|16|2026 Autumn||94.96
2130|113|16|2026 Autumn||90.09
2131|79|11|2026 Autumn||89.52
2132|2|23|2026 Autumn||92.87
2133|14|18|2026 Autumn||84.55
2134|93|18|2026 Autumn||89.42
2135|191|13|2026 Autumn||81.17
2136|258|23|2026 Autumn||94.94
2137|197|24|2026 Autumn||68.31
2138|151|17|2026 Autumn||80.43
2139|283|21|2026 Autumn||77.45
2140|299|15|2026 Autumn||100.00
2141|112|14|2026 Autumn||68.56
2142|89|11|2026 Autumn||93.29
2143|16|18|2026 Autumn||94.07
2144|105|11|2026 Autumn||87.74
2145|300|7|2026 Autumn||91.60
2146|35|19|2026 Autumn||85.02
2147|144|15|2026 Autumn||84.25
2148|167|19|2026 Autumn||93.83
2149|296|11|2026 Autumn||79.11
2150|193|22|2026 Autumn||95.83
2151|180|3|2026 Autumn||72.18
2152|48|24|2026 Autumn||95.89
2153|138|15|2026 Autumn||82.73
2154|19|17|2026 Autumn||79.58
2155|251|8|2026 Autumn||80.95
2156|123|24|2026 Autumn||92.80
2157|161|13|2026 Autumn||94.67
2158|171|14|2026 Autumn||63.04
2159|203|2|2026 Autumn||88.19
2160|267|21|2026 Autumn||100.00
2161|114|1|2026 Autumn||73.62
2162|63|24|2026 Autumn||78.18
2163|87|5|2026 Autumn||62.93
2164|218|11|2026 Autumn||90.07
2165|47|23|2026 Autumn||100.00
2166|206|7|2026 Autumn||100.00
2167|288|12|2026 Autumn||89.87
2168|47|3|2026 Autumn||93.53
2169|22|19|2026 Autumn||94.19
2170|237|11|2026 Autumn||96.18
2171|200|3|2026 Autumn||96.60
2172|247|2|2026 Autumn||69.59
2173|186|13|2026 Autumn||96.14
2174|167|6|2026 Autumn||77.86
2175|43|19|2026 Autumn||81.22
2176|192|17|2026 Autumn||74.86
2177|219|13|2026 Autumn||82.07
2178|144|23|2026 Autumn||94.20
2179|64|5|2026 Autumn||72.84
2180|206|20|2026 Autumn||90.82
2181|246|13|2026 Autumn||86.03
2182|197|19|2026 Autumn||79.85
2183|197|15|2026 Autumn||87.82
2184|35|16|2026 Autumn||100.00
2185|181|4|2026 Autumn||97.70
2186|120|2|2026 Autumn||73.10
2187|164|24|2026 Autumn||73.65
2188|72|13|2026 Autumn||78.49
2189|178|24|2026 Autumn||78.28
2190|221|4|2026 Autumn||100.00
2191|177|13|2026 Autumn||90.57
2192|267|2|2026 Autumn||73.48
2193|289|23|2026 Autumn||91.72
2194|249|7|2026 Autumn||85.39
2195|269|24|2026 Autumn||77.49
2196|257|21|2026 Autumn||97.61
2197|60|11|2026 Autumn||100.00
2198|300|17|2026 Autumn||100.00
2199|200|8|2026 Autumn||83.77
2200|251|1|2026 Autumn||77.34
2201|83|16|2026 Autumn||77.74
2202|67|8|2026 Autumn||83.37
2203|170|19|2026 Autumn||89.92
2204|135|18|2026 Autumn||94.32
2205|106|23|2026 Autumn||84.73
2206|282|5|2026 Autumn||87.78
2207|296|3|2026 Autumn||70.38
2208|9|13|2026 Autumn||74.01
2209|222|14|2026 Autumn||82.72
2210|48|15|2026 Autumn||100.00
2211|243|8|2026 Autumn||100.00
2212|58|13|2026 Autumn||64.17
2213|44|3|2026 Autumn||87.33
2214|266|13|2026 Autumn||100.00
2215|27|6|2026 Autumn||86.90
2216|196|20|2026 Autumn||89.44
2217|5|9|2026 Autumn||75.67
2218|268|22|2026 Autumn||99.99
2219|91|16|2026 Autumn||75.57
2220|96|6|2026 Autumn||91.24
2221|254|22|2026 Autumn||100.00
2222|251|2|2026 Autumn||81.13
2223|251|1|2026 Autumn||69.00
2224|2|5|2026 Autumn||94.86
2225|248|11|2026 Autumn||84.71
2226|99|4|2026 Autumn||70.67
2227|234|6|2026 Autumn||88.11
2228|83|16|2026 Autumn||100.00
2229|200|6|2026 Autumn||93.73
2230|20|24|2026 Autumn||91.03
2231|267|7|2026 Autumn||100.00
2232|196|11|2026 Autumn||79.77
2233|96|9|2026 Autumn||76.54
2234|163|14|2026 Autumn||72.84
2235|178|13|2026 Autumn||53.38
2236|168|10|2026 Autumn||89.82
2237|298|4|2026 Autumn||80.70
2238|11|18|2026 Autumn||95.91
2239|6|4|2026 Autumn||95.58
2240|46|8|2026 Autumn||63.83
2241|232|3|2026 Autumn||98.08
2242|26|23|2026 Autumn||86.98
2243|139|11|2026 Autumn||92.46
2244|23|6|2026 Autumn||100.00
2245|51|5|2026 Autumn||82.88
2246|287|7|2026 Autumn||90.82
2247|209|23|2026 Autumn||86.34
2248|265|3|2026 Autumn||89.58
2249|214|10|2026 Autumn||75.01
2250|207|16|2026 Autumn||89.07
2251|186|3|2026 Autumn||86.07
2252|258|10|2026 Autumn||97.22
2253|185|6|2026 Autumn||78.98
2254|212|21|2026 Autumn||96.44
2255|269|13|2026 Autumn||92.24
2256|19|13|2026 Autumn||90.53
2257|40|12|2026 Autumn||92.17
2258|113|17|2026 Autumn||76.31
2259|256|24|2026 Autumn||91.24
2260|44|12|2026 Autumn||69.72
2261|14|12|2026 Autumn||100.00
2262|228|19|2026 Autumn||85.30
2263|130|9|2026 Autumn||91.93
2264|25|23|2026 Autumn||94.12
2265|20|8|2026 Autumn||89.57
2266|28|21|2026 Autumn||86.99
2267|29|14|2026 Autumn||82.00
2268|61|8|2026 Autumn||87.85
2269|129|15|2026 Autumn||84.44
2270|145|19|2026 Autumn||61.40
2271|110|9|2026 Autumn||74.25
2272|67|22|2026 Autumn||75.89
2273|221|22|2026 Autumn||67.26
2274|212|4|2026 Autumn||78.40
2275|19|10|2026 Autumn||89.56
2276|280|4|2026 Autumn||82.47
2277|207|19|2026 Autumn||100.00
2278|242|4|2026 Autumn||71.12
2279|102|18|2026 Autumn||91.77
2280|290|2|2026 Autumn||81.90
2281|290|24|2026 Autumn||87.22
2282|291|9|2026 Autumn||89.02
2283|49|8|2026 Autumn||96.80
2284|291|21|2026 Autumn||97.99
2285|7|10|2026 Autumn||100.00
2286|53|13|2026 Autumn||92.91
2287|227|24|2026 Autumn||75.52
2288|138|14|2026 Autumn||79.45
2289|215|12|2026 Autumn||73.32
2290|129|2|2026 Autumn||74.87
2291|70|14|2026 Autumn||67.15
2292|139|10|2026 Autumn||79.71
2293|134|11|2026 Autumn||89.43
2294|247|24|2026 Autumn||59.10
2295|20|15|2026 Autumn||93.10
2296|173|18|2026 Autumn||88.35
2297|222|7|2026 Autumn||100.00
2298|234|17|2026 Autumn||73.98
2299|141|15|2026 Autumn||92.11
2300|117|17|2026 Autumn||91.20
2301|157|8|2026 Autumn||79.58
2302|194|24|2026 Autumn||86.71
2303|216|16|2026 Autumn||73.32
2304|118|7|2026 Autumn||80.37
2305|101|17|2026 Autumn||76.57
2306|146|16|2026 Autumn||79.31
2307|24|11|2026 Autumn||66.59
2308|236|13|2026 Autumn||74.94
2309|243|4|2026 Autumn||70.98
2310|142|8|2026 Autumn||81.12
2311|42|8|2026 Autumn||78.99
2312|129|19|2026 Autumn||100.00
2313|131|9|2026 Autumn||74.46
2314|3|13|2026 Autumn||82.78
2315|264|3|2026 Autumn||87.71
2316|1|19|2026 Autumn||83.67
2317|110|7|2026 Autumn||99.30
2318|217|15|2026 Autumn||83.50
2319|3|20|2026 Autumn||77.74
2320|22|1|2026 Autumn||77.01
2321|279|17|2026 Autumn||88.38
2322|48|14|2026 Autumn||83.71
2323|36|3|2026 Autumn||78.23
2324|217|5|2026 Autumn||97.33
2325|100|13|2026 Autumn||97.95
2326|217|17|2026 Autumn||85.83
2327|132|20|2026 Autumn||100.00
2328|137|22|2026 Autumn||77.44
2329|122|1|2026 Autumn||85.40
2330|172|6|2026 Autumn||75.51
2331|133|6|2026 Autumn||93.99
2332|118|20|2026 Autumn||81.42
2333|53|20|2026 Autumn||100.00
2334|133|19|2026 Autumn||86.86
2335|197|11|2026 Autumn||66.57
2336|103|17|2026 Autumn||90.17
2337|123|13|2026 Autumn||100.00
2338|117|1|2026 Autumn||81.14
2339|255|19|2026 Autumn||89.52
2340|115|7|2026 Autumn||76.29
2341|150|16|2026 Autumn||87.15
2342|170|9|2026 Autumn||68.24
2343|238|16|2026 Autumn||74.28
2344|184|10|2026 Autumn||40.80
2345|285|19|2026 Autumn||74.24
2346|97|18|2026 Autumn||90.22
2347|159|9|2026 Autumn||59.27
2348|209|2|2026 Autumn||78.04
2349|159|22|2026 Autumn||95.98
2350|271|17|2026 Autumn||100.00
2351|91|13|2026 Autumn||85.86
2352|290|4|2026 Autumn||72.81
2353|203|24|2026 Autumn||92.60
2354|186|16|2026 Autumn||72.55
2355|261|2|2026 Autumn||68.28
2356|285|3|2026 Autumn||65.48
2357|26|18|2026 Autumn||87.73
2358|15|14|2026 Autumn||81.07
2359|116|6|2026 Autumn||80.38
2360|101|6|2026 Autumn||87.41
2361|34|21|2026 Autumn||87.49
2362|110|1|2026 Autumn||97.21
2363|275|11|2026 Autumn||69.27
2364|298|5|2026 Autumn||94.98
2365|188|11|2026 Autumn||82.71
2366|270|4|2026 Autumn||67.72
2367|220|18|2026 Autumn||74.54
2368|61|10|2026 Autumn||75.83
2369|23|10|2026 Autumn||93.52
2370|90|22|2026 Autumn||72.83
2371|269|1|2026 Autumn||96.70
2372|35|20|2026 Autumn||72.97
2373|159|7|2026 Autumn||100.00
2374|113|17|2026 Autumn||88.44
2375|160|3|2026 Autumn||88.55
2376|18|12|2026 Autumn||84.59
2377|22|12|2026 Autumn||87.08
2378|113|3|2026 Autumn||78.06
2379|241|15|2026 Autumn||68.77
2380|150|24|2026 Autumn||73.31
2381|209|19|2026 Autumn||100.00
2382|245|10|2026 Autumn||66.04
2383|170|3|2026 Autumn||89.11
2384|189|1|2026 Autumn||52.36
2385|287|11|2026 Autumn||81.63
2386|221|24|2026 Autumn||100.00
2387|172|1|2026 Autumn||59.27
2388|64|20|2026 Autumn||74.56
2389|47|11|2026 Autumn||88.27
2390|109|21|2026 Autumn||99.21
2391|146|21|2026 Autumn||71.72
2392|207|16|2026 Autumn||72.08
2393|242|19|2026 Autumn||50.08
2394|22|3|2026 Autumn||78.45
2395|101|1|2026 Autumn||69.23
2396|80|23|2026 Autumn||89.49
2397|280|13|2026 Autumn||89.90
2398|158|24|2026 Autumn||78.91
2399|212|14|2026 Autumn||67.00
2400|283|9|2026 Autumn||90.85
